14:40:20.181419 12  598  4062
14:40:20.184381 6  582  4072
14:40:20.187275 20  586  4050
14:40:20.189936 12  576  4052
14:40:20.193798 14  570  4058
14:40:20.200746 18  588  4044
14:40:20.203360 4  556  4056
14:40:20.209319 4  576  4040
14:40:20.211257 6  570  4044
14:40:20.213122 10  560  4046
14:40:20.217356 18  582  4048
14:40:20.220719 14  578  4052
14:40:20.225954 14  574  4080
14:40:20.228636 2  568  4046
14:40:20.232255 10  582  4056
14:40:20.236083 16  568  4062
14:40:20.239921 16  568  4044
14:40:20.243714 20  560  4064
14:40:20.248422 12  570  4064
14:40:20.251390 12  572  4054
14:40:20.255233 16  566  4052
14:40:20.259008 14  574  4042
14:40:20.262923 4  564  4054
14:40:20.266695 12  576  4062
14:40:20.270407 6  560  4064
14:40:20.275435 12  594  4034
14:40:20.278106 20  560  4058
14:40:20.281866 10  562  4062
14:40:20.285783 6  570  4040
14:40:20.289577 6  578  4046
14:40:20.293386 16  574  4050
14:40:20.298353 18  578  4054
14:40:20.301037 10  574  4064
14:40:20.305014 12  562  4070
14:40:20.310675 24  560  4050
14:40:20.312437 0  574  4026
14:40:20.316215 8  590  4048
14:40:20.321313 12  562  4076
14:40:20.323876 12  582  4062
14:40:20.331559 6  594  4054
14:40:20.334812 6  568  4036
14:40:20.336152 14  568  4046
14:40:20.339101 -2  586  4050
14:40:20.342911 2  570  4050
14:40:20.346735 6  584  4034
14:40:20.350459 12  570  4048
14:40:20.354495 8  574  4060
14:40:20.358146 2  576  4044
14:40:20.363206 14  572  4048
14:40:20.365826 6  588  4076
14:40:20.369569 20  570  4070
14:40:20.373351 26  570  4046
14:40:20.377225 12  554  4052
14:40:20.381011 10  574  4046
14:40:20.384860 8  582  4078
14:40:20.391259 6  588  4060
14:40:20.392568 10  568  4030
14:40:20.396345 10  570  4042
14:40:20.400141 10  590  4066
14:40:20.403900 20  570  4062
14:40:20.408936 16  594  4064
14:40:20.411909 24  574  4050
14:40:20.415456 20  572  4060
14:40:20.420522 10  564  4066
14:40:20.423066 14  592  4060
14:40:20.426845 20  576  4074
14:40:20.430617 22  580  4052
14:40:20.435107 6  580  4050
14:40:20.438216 24  572  4052
14:40:20.443297 10  568  4036
14:40:20.445886 6  570  4060
14:40:20.449663 16  594  4066
14:40:20.453562 28  554  4052
14:40:20.457446 18  552  4050
14:40:20.461313 22  584  4066
14:40:20.465108 16  562  4074
14:40:20.468906 14  588  4060
14:40:20.472759 10  568  4052
14:40:20.476610 4  552  4042
14:40:20.480281 10  560  4044
14:40:20.484279 20  594  4062
14:40:20.488050 12  556  4070
14:40:20.491994 22  568  4058
14:40:20.495602 10  556  4068
14:40:20.499411 2  564  4038
14:40:20.503198 4  564  4046
14:40:20.507012 10  570  4066
14:40:20.510757 10  574  4056
14:40:20.514585 12  564  4052
14:40:20.519514 22  546  4044
14:40:20.522247 22  558  4058
14:40:20.526048 16  576  4058
14:40:20.531206 10  574  4072
14:40:20.533780 16  574  4058
14:40:20.538900 10  576  4038
14:40:20.541412 10  554  4064
14:40:20.546481 18  566  4052
14:40:20.550193 12  574  4076
14:40:20.552834 4  574  4032
14:40:20.556889 8  582  4064
14:40:20.561721 14  574  4050
14:40:20.564379 12  560  4062
14:40:20.568131 10  588  4040
14:40:20.573265 12  582  4056
14:40:20.575792 18  554  4070
14:40:20.579607 0  584  4040
14:40:20.583419 2  584  4062
14:40:20.587185 4  554  4060
14:40:20.590972 12  578  4036
14:40:20.594804 14  572  4070
14:40:20.599963 34  566  4054
14:40:20.602381 12  558  4070
14:40:20.606264 8  594  4046
14:40:20.611268 16  574  4058
14:40:20.613939 6  548  4062
14:40:20.617639 20  572  4060
14:40:20.621522 12  578  4048
14:40:20.626190 12  594  4046
14:40:20.631682 10  552  4078
14:40:20.634316 4  588  4034
14:40:20.636807 2  548  4066
14:40:20.645263 20  584  4058
14:40:20.646549 10  582  4050
14:40:20.648235 10  600  4046
14:40:20.652072 10  564  4070
14:40:20.655950 16  568  4054
14:40:20.659732 4  584  4046
14:40:20.663445 2  582  4054
14:40:20.668514 2  558  4054
14:40:20.671130 16  574  4060
14:40:20.674937 20  570  4046
14:40:20.678759 12  560  4082
14:40:20.682611 14  594  4050
14:40:20.686372 12  584  4062
14:40:20.690238 12  574  4046
14:40:20.694029 22  550  4044
14:40:20.697895 12  594  4052
14:40:20.706354 26  570  4066
14:40:20.707847 22  566  4044
14:40:20.709427 36  582  4042
14:40:20.713424 8  594  4046
14:40:20.717007 16  548  4062
14:40:20.721946 18  562  4068
14:40:20.724639 12  596  4032
14:40:20.732492 0  548  4054
14:40:20.736227 16  584  4050
14:40:20.737601 22  576  4048
14:40:20.741315 4  554  4072
14:40:20.743657 20  568  4066
14:40:20.748756 12  580  4058
14:40:20.751366 14  556  4052
14:40:20.755174 4  550  4042
14:40:20.759039 10  550  4048
14:40:20.771039 12  582  4050
14:40:20.772432 16  558  4056
14:40:20.773665 24  580  4064
14:40:20.774900 14  568  4062
14:40:20.778002 6  580  4050
14:40:20.781817 10  586  4056
14:40:20.785645 8  590  4066
14:40:20.789414 22  548  4056
14:40:20.793365 16  578  4054
14:40:20.798449 10  546  4068
14:40:20.801160 20  552  4060
14:40:20.805541 10  550  4058
14:40:20.808580 10  556  4054
14:40:20.812569 4  572  4056
14:40:20.816323 24  548  4052
14:40:20.820238 14  584  4052
14:40:20.828271 12  580  4058
14:40:20.832540 12  564  4056
14:40:20.839571 12  578  4052
14:40:20.841921 8  576  4062
14:40:20.855055 16  582  4058
14:40:20.856440 24  560  4062
14:40:20.857689 10  556  4044
14:40:20.858991 12  554  4046
14:40:20.860068 2  554  4056
14:40:20.861356 4  566  4058
14:40:20.862572 12  586  4062
14:40:20.869449 6  572  4066
14:40:20.869727 22  566  4074
14:40:20.873603 8  588  4056
14:40:20.882567 0  570  4062
14:40:20.885319 8  572  4066
14:40:20.886360 16  562  4042
14:40:20.888716 16  582  4058
14:40:20.893639 10  558  4048
14:40:20.896317 6  566  4050
14:40:20.900403 10  558  4048
14:40:20.905620 12  562  4052
14:40:20.907758 18  562  4042
14:40:20.913224 26  568  4032
14:40:20.915417 14  582  4058
14:40:20.920498 12  596  4052
14:40:20.924538 22  560  4056
14:40:20.928207 16  562  4050
14:40:20.931873 6  592  4042
14:40:20.934506 0  574  4062
14:40:20.940704 10  552  4064
14:40:20.943429 18  562  4054
14:40:20.947053 8  582  4036
14:40:20.950066 18  554  4066
14:40:20.957015 8  566  4066
14:40:20.959367 16  552  4058
14:40:20.961271 10  596  4050
14:40:20.966228 14  570  4050
14:40:20.968819 8  602  4038
14:40:20.972625 28  564  4040
14:40:20.976459 16  548  4066
14:40:20.980247 14  568  4064
14:40:20.984166 10  578  4060
14:40:20.988065 16  566  4054
14:40:20.991724 8  548  4058
14:40:20.995925 8  588  4058
14:40:20.999386 12  562  4066
14:40:21.003259 16  572  4058
14:40:21.006997 14  584  4044
14:40:21.010889 2  574  4070
14:40:21.017008 16  588  4066
14:40:21.018652 14  580  4042
14:40:21.022337 4  556  4044
14:40:21.026134 22  604  4058
14:40:21.029883 10  572  4066
14:40:21.035022 6  570  4048
14:40:21.037544 14  554  4044
14:40:21.041814 8  578  4050
14:40:21.045133 16  592  4060
14:40:21.048963 28  574  4064
14:40:21.052835 10  564  4064
14:40:21.056591 8  576  4030
14:40:21.061504 4  562  4044
14:40:21.064356 24  562  4050
14:40:21.071040 16  590  4056
14:40:21.072480 8  570  4060
14:40:21.075600 22  552  4052
14:40:21.079535 20  552  4050
14:40:21.083954 10  590  4068
14:40:21.087284 20  554  4078
14:40:21.090987 18  584  4060
14:40:21.094708 18  578  4052
14:40:21.098564 14  566  4058
14:40:21.102426 18  578  4064
14:40:21.106174 30  574  4066
14:40:21.111224 24  578  4054
14:40:21.113800 4  578  4048
14:40:21.117732 22  574  4062
14:40:21.121448 16  596  4050
14:40:21.125266 12  572  4054
14:40:21.129181 12  560  4052
14:40:21.134362 12  570  4032
14:40:21.136825 20  552  4060
14:40:21.141003 20  560  4066
14:40:21.146341 14  582  4058
14:40:21.148357 4  576  4064
14:40:21.152078 4  558  4054
14:40:21.157175 14  560  4054
14:40:21.159686 4  566  4064
14:40:21.165623 12  574  4054
14:40:21.167262 20  572  4044
14:40:21.172234 12  566  4066
14:40:21.178731 20  562  4056
14:40:21.179653 20  570  4050
14:40:21.183076 6  596  4046
14:40:21.186381 16  582  4080
14:40:21.202581 6  568  4056
14:40:21.203760 12  584  4068
14:40:21.204971 8  560  4062
14:40:21.206333 18  556  4048
14:40:21.207544 8  574  4056
14:40:21.209246 4  574  4056
14:40:21.213135 14  576  4048
14:40:21.216943 20  568  4050
14:40:21.220714 8  558  4054
14:40:21.226314 10  578  4042
14:40:21.228434 18  558  4064
14:40:21.232175 20  582  4050
14:40:21.237811 20  572  4058
14:40:21.239831 10  574  4072
14:40:21.245095 14  568  4052
14:40:21.247444 20  590  4078
14:40:21.251273 8  554  4066
14:40:21.255714 14  552  4036
14:40:21.258893 10  556  4056
14:40:21.262794 20  578  4070
14:40:21.271041 10  572  4052
14:40:21.272403 4  566  4066
14:40:21.274149 14  574  4050
14:40:21.279345 18  556  4054
14:40:21.281864 12  546  4072
14:40:21.285688 14  588  4038
14:40:21.289492 16  556  4060
14:40:21.293251 10  580  4054
14:40:21.297171 6  566  4064
14:40:21.300934 12  584  4048
14:40:21.304729 14  564  4058
14:40:21.308605 16  560  4030
14:40:21.312326 18  584  4050
14:40:21.316194 20  558  4062
14:40:21.320008 16  576  4064
14:40:21.323842 10  582  4060
14:40:21.327739 8  568  4062
14:40:21.331435 8  566  4034
14:40:21.335187 8  564  4062
14:40:21.339081 18  566  4052
14:40:21.342886 16  574  4036
14:40:21.349868 10  598  4044
14:40:21.351194 2  570  4062
14:40:21.355271 18  564  4028
14:40:21.359454 18  588  4062
14:40:21.361999 14  560  4066
14:40:21.365757 20  582  4056
14:40:21.369680 26  564  4064
14:40:21.374560 14  564  4074
14:40:21.377590 8  560  4058
14:40:21.383486 20  572  4054
14:40:21.386365 8  558  4046
14:40:21.391054 18  554  4068
14:40:21.392503 12  578  4056
14:40:21.397386 14  572  4068
14:40:21.401257 8  568  4068
14:40:21.404445 24  550  4052
14:40:21.408925 12  562  4068
14:40:21.411663 24  586  4050
14:40:21.415492 8  574  4080
14:40:21.419159 18  570  4058
14:40:21.424716 16  584  4062
14:40:21.427051 20  570  4060
14:40:21.430693 14  558  4074
14:40:21.434875 10  570  4068
14:40:21.439884 24  576  4056
14:40:21.443845 0  586  4050
14:40:21.446972 0  562  4050
14:40:21.449644 24  576  4044
14:40:21.453900 12  584  4050
14:40:21.459578 10  586  4062
14:40:21.461121 18  604  4070
14:40:21.465037 6  608  4062
14:40:21.470109 4  566  4054
14:40:21.472924 14  530  4062
14:40:21.480021 14  536  4056
14:40:21.481294 14  574  4040
14:40:21.484056 10  606  4070
14:40:21.489686 6  596  4048
14:40:21.491713 10  600  4054
14:40:21.495776 8  568  4066
14:40:21.502269 10  566  4052
14:40:21.504741 24  594  4068
14:40:21.506899 30  592  4078
14:40:21.511956 4  574  4066
14:40:21.514635 16  536  4034
14:40:21.518356 10  550  4038
14:40:21.522616 10  550  4056
14:40:21.526054 30  572  4074
14:40:21.529845 16  586  4046
14:40:21.533667 8  576  4056
14:40:21.539953 8  550  4042
14:40:21.541439 12  576  4052
14:40:21.545111 2  584  4060
14:40:21.551781 16  570  4052
14:40:21.553189 30  550  4068
14:40:21.557873 8  564  4046
14:40:21.560427 20  542  4068
14:40:21.564252 22  572  4066
14:40:21.569428 -2  594  4048
14:40:21.571990 26  566  4062
14:40:21.575652 16  554  4052
14:40:21.579496 12  552  4054
14:40:21.585526 6  584  4038
14:40:21.587168 16  584  4034
14:40:21.592028 -4  604  4066
14:40:21.594839 14  562  4060
14:40:21.598660 14  540  4040
14:40:21.638681 2  556  4038
14:40:21.640036 8  588  4052
14:40:21.641260 20  568  4070
14:40:21.642398 14  584  4052
14:40:21.647554 6  586  4046
14:40:21.650663 6  560  4048
14:40:21.651963 4  596  4064
14:40:21.653228 4  594  4046
14:40:21.654537 14  574  4066
14:40:21.655781 6  548  4044
14:40:21.656939 16  566  4052
14:40:21.659654 10  552  4064
14:40:21.663370 14  568  4044
14:40:21.664817 14  564  4054
14:40:21.666054 10  566  4054
14:40:21.670935 14  580  4060
14:40:21.673417 24  586  4076
14:40:21.674789 20  586  4072
14:40:21.676072 18  582  4040
14:40:21.679232 24  558  4060
14:40:21.681894 4  566  4066
14:40:21.686792 10  552  4070
14:40:21.689547 10  554  4050
14:40:21.694594 22  556  4066
14:40:21.698317 26  546  4050
14:40:21.701759 16  550  4064
14:40:21.704843 6  564  4036
14:40:21.708655 18  588  4048
14:40:21.712616 14  596  4068
14:40:21.716343 16  584  4056
14:40:21.721420 20  596  4036
14:40:21.723982 26  578  4086
14:40:21.727724 12  544  4044
14:40:21.731579 18  580  4042
14:40:21.735450 6  548  4060
14:40:21.739160 12  542  4050
14:40:21.743034 18  564  4050
14:40:21.748121 20  558  4066
14:40:21.750629 2  570  4050
14:40:21.754412 22  584  4044
14:40:21.760802 10  586  4058
14:40:21.762161 12  560  4058
14:40:21.767405 22  586  4072
14:40:21.769675 12  596  4056
14:40:21.774948 8  572  4082
14:40:21.779848 18  558  4050
14:40:21.782537 26  566  4060
14:40:21.784932 6  554  4070
14:40:21.788806 24  568  4052
14:40:21.794550 14  558  4058
14:40:21.796378 18  554  4040
14:40:21.802975 24  604  4052
14:40:21.804291 0  588  4092
14:40:21.807943 18  610  4044
14:40:21.811741 22  606  4066
14:40:21.815499 14  592  4058
14:40:21.819345 14  594  4052
14:40:21.823158 18  570  4050
14:40:21.827023 18  576  4048
14:40:21.830946 14  580  4074
14:40:21.834626 18  552  4058
14:40:21.838456 6  542  4054
14:40:21.842198 -6  606  4040
14:40:21.845989 4  570  4070
14:40:21.849842 10  554  4082
14:40:21.853668 24  590  4032
14:40:21.857490 0  592  4020
14:40:21.861267 22  580  4040
14:40:21.865101 12  588  4072
14:40:21.871349 6  562  4066
14:40:21.872698 6  576  4048
14:40:21.877463 -4  542  4054
14:40:21.880521 16  552  4062
14:40:21.884243 16  564  4052
14:40:21.887956 0  564  4056
14:40:21.891748 16  556  4042
14:40:21.896812 12  578  4050
14:40:21.899423 8  568  4058
14:40:21.904394 4  598  4060
14:40:21.907012 10  586  4072
14:40:21.910798 6  596  4058
14:40:21.914901 18  548  4052
14:40:21.919497 16  548  4072
14:40:21.923561 18  606  4038
14:40:21.926049 12  550  4074
14:40:21.931174 26  550  4066
14:40:21.933656 4  552  4070
14:40:21.939777 -4  570  4046
14:40:21.941286 26  588  4060
14:40:21.945423 8  580  4058
14:40:21.948818 22  552  4044
14:40:21.952679 0  556  4050
14:40:21.957603 18  568  4056
14:40:21.960543 18  582  4064
14:40:21.964009 10  596  4068
14:40:21.968925 12  580  4060
14:40:21.971634 14  520  4046
14:40:21.976448 14  582  4028
14:40:21.982175 20  570  4062
14:40:21.983201 18  576  4060
14:40:21.987204 18  548  4062
14:40:21.990702 -2  616  4022
14:40:21.994473 16  536  4060
14:40:21.998421 12  544  4040
14:40:22.003467 8  592  4042
14:40:22.006179 -4  600  4058
14:40:22.011165 14  558  4056
14:40:22.013418 10  552  4056
14:40:22.017301 14  554  4028
14:40:22.021461 2  558  4054
14:40:22.024992 4  602  4060
14:40:22.028756 14  582  4072
14:40:22.032550 24  570  4054
14:40:22.036510 20  552  4042
14:40:22.040124 12  590  4078
14:40:22.044011 8  598  4080
14:40:22.047840 6  590  4076
14:40:22.051584 14  568  4040
14:40:22.055494 10  550  4032
14:40:22.061994 6  540  4050
14:40:22.063252 10  552  4058
14:40:22.069528 10  572  4070
14:40:22.070790 22  562  4056
14:40:22.083693 18  560  4034
14:40:22.098725 18  582  4064
14:40:22.099974 12  568  4062
14:40:22.101508 16  594  4060
14:40:22.105894 16  606  4072
14:40:22.107034 14  562  4078
14:40:22.108190 16  580  4046
14:40:22.109375 4  564  4060
14:40:22.110689 18  554  4074
14:40:22.111980 16  542  4044
14:40:22.113253 6  548  4062
14:40:22.116553 20  560  4058
14:40:22.120388 26  556  4064
14:40:22.124161 18  574  4066
14:40:22.127972 12  592  4070
14:40:22.131784 22  574  4056
14:40:22.135709 16  588  4040
14:40:22.139464 18  586  4060
14:40:22.143312 10  590  4060
14:40:22.148671 18  566  4058
14:40:22.150950 12  552  4050
14:40:22.155443 12  546  4050
14:40:22.158616 10  552  4056
14:40:22.162727 12  548  4060
14:40:22.166295 8  562  4064
14:40:22.170089 4  554  4052
14:40:22.173938 16  578  4052
14:40:22.177636 20  600  4064
14:40:22.181577 8  580  4064
14:40:22.185296 20  590  4052
14:40:22.190372 22  586  4066
14:40:22.193120 12  562  4046
14:40:22.196706 18  554  4062
14:40:22.200647 20  570  4050
14:40:22.204478 8  572  4074
14:40:22.210048 12  570  4054
14:40:22.212032 2  562  4050
14:40:22.215779 14  566  4056
14:40:22.222879 12  550  4066
14:40:22.224237 12  552  4064
14:40:22.227649 20  576  4042
14:40:22.231207 8  568  4062
14:40:22.235036 6  578  4060
14:40:22.239028 12  586  4060
14:40:22.243859 12  584  4070
14:40:22.246428 8  576  4068
14:40:22.251432 16  564  4052
14:40:22.255074 6  570  4058
14:40:22.258142 12  566  4046
14:40:22.262686 8  608  4054
14:40:22.265830 14  568  4064
14:40:22.270386 2  582  4066
14:40:22.273077 14  554  4042
14:40:22.276870 8  560  4042
14:40:22.285150 12  558  4048
14:40:22.285468 8  576  4064
14:40:22.289829 8  586  4064
14:40:22.292538 4  576  4056
14:40:22.297894 6  552  4046
14:40:22.302067 -2  574  4054
14:40:22.304779 16  558  4058
14:40:22.307568 10  590  4056
14:40:22.314386 14  568  4046
14:40:22.316015 8  602  4034
14:40:22.318865 0  544  4076
14:40:22.323877 22  584  4042
14:40:22.326401 10  584  4066
14:40:22.330240 20  544  4052
14:40:22.365989 4  582  4064
14:40:22.368305 -14  498  4062
14:40:22.370981 -46  474  4068
14:40:22.371922 -150  534  4050
14:40:22.374138 -264  536  4094
14:40:22.374814 -378  540  4064
14:40:22.375831 -448  426  4062
14:40:22.377125 -576  512  4030
14:40:22.378441 -646  444  4036
14:40:22.379953 -702  634  4010
14:40:22.381149 -782  346  4162
14:40:22.382320 -890  408  4082
14:40:22.384907 -844  444  3996
14:40:22.387878 -968  830  3988
14:40:22.389392 -926  566  4160
14:40:22.394759 -772  518  4146
14:40:22.400155 -838  430  4180
14:40:22.401218 -794  620  4022
14:40:22.406418 -614  602  3996
14:40:22.408639 -556  548  4188
14:40:22.412319 -372  508  4220
14:40:22.415239 -190  548  4102
14:40:22.423028 -180  832  4028
14:40:22.425102 -24  618  4100
14:40:22.426341 198  518  4114
14:40:22.431842 250  718  4150
14:40:22.434313 342  668  4174
14:40:22.437853 526  624  4020
14:40:22.442677 596  472  4052
14:40:22.446446 650  546  4076
14:40:22.449373 762  1002  3960
14:40:22.456426 848  602  4158
14:40:22.457792 862  728  4042
14:40:22.461197 942  512  3954
14:40:22.465027 874  596  3960
14:40:22.469860 878  644  4026
14:40:22.473658 894  808  4020
14:40:22.476197 862  726  4014
14:40:22.480122 860  514  3938
14:40:22.483957 814  508  3904
14:40:22.487856 724  620  3940
14:40:22.492275 646  716  3950
14:40:22.498122 594  750  3940
14:40:22.499445 504  678  3948
14:40:22.503778 412  594  3970
14:40:22.507037 334  608  3938
14:40:22.510820 266  642  4000
14:40:22.515618 212  616  4016
14:40:22.523404 160  518  4020
14:40:22.526227 44  506  4018
14:40:22.527512 -42  528  4010
14:40:22.529958 -118  562  4064
14:40:22.533807 -186  612  4108
14:40:22.537708 -240  576  4122
14:40:22.541544 -286  552  4084
14:40:22.545858 -348  560  4088
14:40:22.549251 -364  568  4128
14:40:22.553096 -386  584  4170
14:40:22.556939 -388  554  4156
14:40:22.560899 -402  530  4136
14:40:22.564659 -380  498  4126
14:40:22.568516 -366  528  4146
14:40:22.572648 -328  582  4172
14:40:22.576222 -286  592  4156
14:40:22.580419 -234  564  4124
14:40:22.583933 -172  562  4092
14:40:22.587796 -108  562  4124
14:40:22.591591 -26  618  4124
14:40:22.595412 46  600  4114
14:40:22.599593 82  590  4086
14:40:22.603056 150  552  4052
14:40:22.608190 180  552  4048
14:40:22.611657 224  582  4040
14:40:22.614610 252  604  4048
14:40:22.619792 276  586  4022
14:40:22.622323 306  584  4006
14:40:22.626509 306  580  3978
14:40:22.630243 308  592  3960
14:40:22.634905 308  580  3978
14:40:22.638696 304  574  3976
14:40:22.641839 254  564  3962
14:40:22.645466 220  552  3968
14:40:22.652347 200  568  3958
14:40:22.654806 148  566  3996
14:40:22.656862 110  558  3992
14:40:22.660677 58  552  3980
14:40:22.664752 12  568  4010
14:40:22.668257 -28  578  4014
14:40:22.672123 -56  584  4022
14:40:22.675963 -110  584  4042
14:40:22.679824 -124  564  4054
14:40:22.683739 -160  538  4054
14:40:22.688855 -190  544  4070
14:40:22.691394 -208  544  4100
14:40:22.695277 -214  556  4126
14:40:22.701306 -222  554  4120
14:40:22.706087 -206  552  4118
14:40:22.707458 -196  568  4126
14:40:22.712739 -178  582  4140
14:40:22.714765 -156  588  4144
14:40:22.721060 -134  582  4138
14:40:22.723411 -96  572  4138
14:40:22.726827 -76  574  4118
14:40:22.732250 -30  558  4132
14:40:22.733738 -4  554  4126
14:40:22.738852 20  566  4094
14:40:22.741242 50  550  4074
14:40:22.748061 84  558  4058
14:40:22.750595 120  570  4086
14:40:22.752721 134  592  4046
14:40:22.759735 166  584  4034
14:40:22.760332 170  596  4028
14:40:22.764909 186  598  4018
14:40:22.768356 172  584  4020
14:40:22.772445 188  582  4006
14:40:22.777530 180  578  4008
14:40:22.779691 156  554  3994
14:40:22.784711 144  538  3970
14:40:22.787207 116  554  3968
14:40:22.792265 104  550  3990
14:40:22.794873 80  564  4004
14:40:22.798683 70  572  3992
14:40:22.803811 44  570  4000
14:40:22.806315 18  568  4020
14:40:22.811464 -6  568  4036
14:40:22.814017 -32  578  4026
14:40:22.820051 -58  560  4040
14:40:22.824434 -72  584  4048
14:40:22.828237 -78  552  4050
14:40:22.830489 -82  542  4074
14:40:22.838331 -98  546  4078
14:40:22.839611 -96  546  4092
14:40:22.840899 -108  550  4118
14:40:22.845785 -98  546  4108
14:40:22.849691 -98  558  4106
14:40:22.852358 -90  592  4098
14:40:22.856174 -68  576  4136
14:40:22.859981 -62  576  4108
14:40:22.865210 -48  564  4108
14:40:22.867706 -16  568  4114
14:40:22.871526 -2  584  4116
14:40:22.875296 0  586  4092
14:40:22.879835 4  564  4114
14:40:22.882835 44  560  4086
14:40:22.886667 56  556  4066
14:40:22.892564 52  578  4074
14:40:22.896582 70  550  4064
14:40:22.898176 86  590  4066
14:40:22.901946 96  562  4056
14:40:22.907198 96  604  4032
14:40:22.911717 96  542  4030
14:40:22.922881 102  592  3992
14:40:22.924181 94  562  4024
14:40:22.925510 92  562  4012
14:40:22.927905 98  572  4000
14:40:22.929201 72  574  4012
14:40:22.934273 54  558  4004
14:40:22.940946 56  554  4002
14:40:22.943664 34  582  4010
14:40:22.946769 12  558  4012
14:40:22.947888 14  596  4020
14:40:22.951710 0  554  4010
14:40:22.955799 -10  562  4038
14:40:22.959396 -2  552  4042
14:40:22.963728 -22  570  4026
14:40:22.967062 -36  566  4058
14:40:22.971089 -52  566  4062
14:40:22.974656 -46  564  4060
14:40:22.978534 -68  580  4076
14:40:22.982361 -44  568  4096
14:40:22.986090 -44  562  4090
14:40:22.989942 -40  576  4092
14:40:22.993724 -38  558  4112
14:40:22.997595 -22  576  4090
14:40:23.001515 -12  554  4112
14:40:23.005241 -26  558  4098
14:40:23.010445 0  546  4112
14:40:23.014080 -8  576  4108
14:40:23.016610 10  570  4098
14:40:23.020540 22  576  4068
14:40:23.026005 34  578  4080
14:40:23.028072 46  572  4056
14:40:23.031934 42  568  4084
14:40:23.037132 42  562  4064
14:40:23.040278 44  576  4050
14:40:23.045376 56  564  4064
14:40:23.047275 52  560  4052
14:40:23.051101 48  558  4034
14:40:23.054944 62  574  4018
14:40:23.058680 52  560  4044
14:40:23.062534 52  544  4030
14:40:23.066340 54  572  4026
14:40:23.070204 32  558  4020
14:40:23.073937 40  558  4030
14:40:23.079453 36  588  4026
14:40:23.081640 28  582  4022
14:40:23.085511 10  582  4042
14:40:23.089270 10  572  4024
14:40:23.093168 -2  552  4028
14:40:23.096894 4  580  4032
14:40:23.100758 -6  552  4040
14:40:23.105789 -4  562  4044
14:40:23.108343 -6  566  4050
14:40:23.112110 -10  554  4058
14:40:23.117314 -14  552  4072
14:40:23.119794 -4  578  4068
14:40:23.123615 -26  582  4076
14:40:23.127524 -20  570  4066
14:40:23.132174 -14  570  4080
14:40:23.136218 -10  558  4082
14:40:23.140185 -6  552  4084
14:40:23.143125 2  550  4064
14:40:23.150095 0  576  4086
14:40:23.152557 -2  552  4106
14:40:23.154117 2  572  4084
14:40:23.160637 20  552  4102
14:40:23.161843 20  558  4082
14:40:23.165765 30  568  4072
14:40:23.169476 28  574  4066
14:40:23.173487 22  582  4062
14:40:23.177117 30  596  4060
14:40:23.180814 30  584  4054
14:40:23.184815 36  556  4050
14:40:23.188634 26  572  4036
14:40:23.192265 30  578  4036
14:40:23.196234 32  578  4046
14:40:23.199942 28  552  4032
14:40:23.203786 24  554  4022
14:40:23.208739 32  552  4036
14:40:23.211406 26  554  4044
14:40:23.215244 22  572  4018
14:40:23.219074 24  574  4050
14:40:23.223257 16  572  4044
14:40:23.228381 20  558  4042
14:40:23.231427 4  560  4052
14:40:23.234893 2  588  4034
14:40:23.239355 4  566  4048
14:40:23.241963 -2  558  4048
14:40:23.245861 4  562  4048
14:40:23.249925 -2  548  4068
14:40:23.255230 -2  558  4054
14:40:23.257221 -8  566  4058
14:40:23.261105 -6  590  4060
14:40:23.264841 -4  566  4086
14:40:23.268710 -8  588  4072
14:40:23.272412 0  586  4056
14:40:23.277054 -2  576  4072
14:40:23.284888 12  568  4078
14:40:23.286149 6  562  4090
14:40:23.287634 -10  576  4074
14:40:23.291520 10  556  4064
14:40:23.295336 20  562  4056
14:40:23.299187 6  568  4084
14:40:23.302966 12  566  4066
14:40:23.306835 12  552  4068
14:40:23.310614 8  570  4062
14:40:23.314481 16  566  4052
14:40:23.318251 22  562  4074
14:40:23.322095 32  586  4056
14:40:23.327243 10  580  4058
14:40:23.329799 16  570  4044
14:40:23.333880 24  558  4028
14:40:23.340727 22  570  4032
14:40:23.343459 36  576  4044
14:40:23.344983 18  552  4054
14:40:23.348824 16  566  4064
14:40:23.353480 18  554  4024
14:40:23.359269 16  550  4048
14:40:23.362260 20  568  4052
14:40:23.364392 14  580  4048
14:40:23.370096 14  570  4042
14:40:23.372934 14  566  4026
14:40:23.376816 4  544  4072
14:40:23.379522 14  550  4052
14:40:23.384457 22  534  4028
14:40:23.389588 22  536  4034
14:40:23.391025 2  550  4030
14:40:23.394640 2  608  4056
14:40:23.398451 6  650  4104
14:40:23.402319 10  688  4088
14:40:23.406374 -4  648  4052
14:40:23.410234 4  552  4042
14:40:23.414912 8  518  4022
14:40:23.419004 10  552  4058
14:40:23.421305 8  576  4118
14:40:23.425130 4  538  4094
14:40:23.431938 14  492  4060
14:40:23.433283 -6  482  4032
14:40:23.438071 2  504  4046
14:40:23.440665 20  626  4094
14:40:23.444133 10  688  4106
14:40:23.449181 14  628  4082
14:40:23.452313 20  584  4040
14:40:23.456505 10  582  4036
14:40:23.460767 20  564  4072
14:40:23.465642 28  564  4082
14:40:23.467066 16  568  4066
14:40:23.474769 18  516  4040
14:40:23.476258 4  492  4034
14:40:23.478755 14  488  4016
14:40:23.482314 0  536  4048
14:40:23.486092 18  572  4060
14:40:23.489914 18  626  4070
14:40:23.493921 18  628  4064
14:40:23.497623 16  620  4034
14:40:23.501448 30  582  4026
14:40:23.505271 24  560  4028
14:40:23.509013 22  552  4028
14:40:23.512886 24  550  4058
14:40:23.516719 14  558  4064
14:40:23.520619 14  546  4062
14:40:23.524422 12  538  4030
14:40:23.528185 4  502  4044
14:40:23.531937 -6  558  4054
14:40:23.535799 4  608  4068
14:40:23.542716 16  618  4078
14:40:23.543758 8  616  4074
14:40:23.548299 4  610  4070
14:40:23.551074 6  558  4072
14:40:23.554879 10  556  4060
14:40:23.558644 22  552  4074
14:40:23.562531 12  558  4060
14:40:23.567579 12  542  4080
14:40:23.570135 8  552  4052
14:40:23.573990 8  566  4064
14:40:23.577740 10  550  4072
14:40:23.581613 4  572  4066
14:40:23.585540 4  598  4064
14:40:23.590437 6  584  4048
14:40:23.592941 14  584  4058
14:40:23.596842 16  574  4074
14:40:23.600618 8  566  4048
14:40:23.605473 16  542  4068
14:40:23.608223 2  554  4052
14:40:23.612025 20  550  4048
14:40:23.615865 20  560  4056
14:40:23.619722 16  582  4044
14:40:23.623483 -2  584  4054
14:40:23.628838 10  586  4050
14:40:23.631132 20  558  4048
14:40:23.635013 20  580  4024
14:40:23.640191 12  588  4048
14:40:23.642642 16  590  4042
14:40:23.646439 16  558  4068
14:40:23.650320 12  548  4030
14:40:23.657924 16  546  4050
14:40:23.659267 22  548  4054
14:40:23.661711 20  570  4066
14:40:23.666785 8  596  4054
14:40:23.673106 6  582  4056
14:40:23.675726 18  584  4068
14:40:23.677108 12  580  4058
14:40:23.682177 10  574  4078
14:40:23.687160 6  578  4046
14:40:23.688628 6  570  4066
14:40:23.694892 6  564  4068
14:40:23.696213 2  542  4070
14:40:23.699834 0  540  4060
14:40:23.703643 -4  554  4062
14:40:23.707391 8  568  4070
14:40:23.711229 12  580  4070
14:40:23.715042 10  576  4072
14:40:23.718860 14  582  4060
14:40:23.722713 18  580  4068
14:40:23.726606 12  574  4050
14:40:23.732721 6  570  4072
14:40:23.735970 18  564  4056
14:40:23.737969 4  562  4040
14:40:23.743689 12  546  4072
14:40:23.746924 14  554  4050
14:40:23.754250 14  566  4030
14:40:23.760770 20  554  4040
14:40:23.762147 14  584  4070
14:40:23.763432 14  576  4064
14:40:23.764774 10  596  4046
14:40:23.768560 12  584  4064
14:40:23.772390 12  574  4066
14:40:23.776218 12  572  4050
14:40:23.781127 8  552  4044
14:40:23.783758 6  562  4034
14:40:23.787537 20  554  4042
14:40:23.791853 24  544  4064
14:40:23.797034 10  552  4044
14:40:23.799193 22  562  4042
14:40:23.802827 12  588  4066
14:40:23.806749 14  554  4070
14:40:23.810462 20  590  4038
14:40:23.814280 16  586  4066
14:40:23.818095 4  584  4038
14:40:23.828776 24  580  4040
14:40:23.829127 -4  572  4052
14:40:23.829847 8  558  4058
14:40:23.833457 4  560  4058
14:40:23.837375 8  554  4060
14:40:23.841271 2  554  4090
14:40:23.844991 12  558  4060
14:40:23.848836 4  560  4050
14:40:23.852602 4  572  4070
14:40:23.856388 6  588  4044
14:40:23.861834 12  580  4054
14:40:23.864080 0  588  4060
14:40:23.867825 2  568  4058
14:40:23.873186 0  560  4058
14:40:23.875432 6  554  4062
14:40:23.881020 6  588  4056
14:40:23.883036 8  592  4058
14:40:23.886862 18  566  4044
14:40:23.890652 16  552  4042
14:40:23.894489 10  562  4062
14:40:23.898155 16  552  4052
14:40:23.902190 8  564  4038
14:40:23.905914 4  562  4066
14:40:23.909735 10  564  4046
14:40:23.914989 16  584  4060
14:40:23.917342 14  584  4070
14:40:23.921248 10  578  4040
14:40:23.925034 16  548  4042
14:40:23.928734 10  546  4056
14:40:23.932564 4  568  4058
14:40:23.936388 8  558  4062
14:40:23.941562 22  556  4054
14:40:23.944178 6  566  4040
14:40:23.947905 0  574  4058
14:40:23.952937 4  558  4034
14:40:23.955471 -4  578  4062
14:40:23.960514 18  580  4060
14:40:23.963160 6  562  4044
14:40:23.967734 0  564  4068
14:40:23.972102 10  564  4050
14:40:23.974544 6  570  4060
14:40:23.978333 10  558  4066
14:40:23.986588 6  562  4054
14:40:23.987867 12  566  4064
14:40:23.989810 6  564  4048
14:40:23.993450 14  562  4064
14:40:23.997401 6  572  4052
