14:21:11.756649 -28  1146  3948
14:21:11.759984 -32  1162  3940
14:21:11.763917 -24  1164  3954
14:21:11.767779 -34  1150  3918
14:21:11.771648 -34  1168  3946
14:21:11.775706 -34  1166  3932
14:21:11.779403 -32  1172  3922
14:21:11.783188 -30  1146  3948
14:21:11.787134 -32  1162  3928
14:21:11.790947 -28  1140  3936
14:21:11.794873 -28  1140  3948
14:21:11.798677 -22  1140  3930
14:21:11.802588 -32  1158  3936
14:21:11.806457 -34  1148  3920
14:21:11.810232 -34  1162  3940
14:21:11.814209 -38  1154  3922
14:21:11.818402 -42  1148  3934
14:21:11.821966 -28  1164  3922
14:21:11.826895 -34  1150  3938
14:21:11.829586 -28  1166  3922
14:21:11.833681 -38  1162  3920
14:21:11.837265 -38  1158  3924
14:21:11.841109 -32  1150  3934
14:21:11.844909 -18  1162  3924
14:21:11.848823 -36  1160  3946
14:21:11.852706 -26  1146  3938
14:21:11.856504 -32  1158  3940
14:21:11.860391 -44  1158  3910
14:21:11.864209 -36  1170  3940
14:21:11.867990 -22  1164  3914
14:21:11.872117 -30  1160  3932
14:21:11.876676 -44  1148  3942
14:21:11.879543 -52  1156  3932
14:21:11.883437 -42  1148  3928
14:21:11.887594 -30  1148  3926
14:21:11.891059 -32  1152  3948
14:21:11.894931 -24  1150  3920
14:21:11.898978 -36  1152  3938
14:21:11.902734 -34  1154  3952
14:21:11.908303 -28  1150  3946
14:21:11.912229 -30  1166  3936
14:21:11.914202 -42  1150  3936
14:21:11.918013 -30  1162  3922
14:21:11.922424 -24  1166  3922
14:21:11.925772 -26  1168  3928
14:21:11.929504 -22  1164  3928
14:21:11.933368 -34  1162  3938
14:21:11.937242 -24  1156  3910
14:21:11.941117 -32  1144  3944
14:21:11.944931 -38  1164  3942
14:21:11.948853 -32  1148  3928
14:21:11.952584 -32  1164  3938
14:21:11.956430 -30  1156  3928
14:21:11.960288 -32  1150  3936
14:21:11.964083 -22  1170  3926
14:21:11.967871 -32  1162  3946
14:21:11.971775 -36  1166  3928
14:21:11.975645 -44  1164  3932
14:21:11.980147 -30  1162  3934
14:21:11.983306 -26  1156  3942
14:21:11.987047 -38  1154  3912
14:21:11.990925 -34  1162  3930
14:21:11.994792 -28  1160  3936
14:21:11.998579 -44  1160  3926
14:21:12.002435 -26  1166  3942
14:21:12.006895 -22  1166  3940
14:21:12.010070 -44  1158  3932
14:21:12.015027 -38  1148  3924
14:21:12.017684 -28  1160  3916
14:21:12.022414 -26  1152  3932
14:21:12.025447 -34  1162  3944
14:21:12.029190 -22  1158  3932
14:21:12.033069 -34  1158  3922
14:21:12.037178 -40  1160  3924
14:21:12.040698 -40  1146  3936
14:21:12.044530 -36  1150  3938
14:21:12.048869 -34  1164  3942
14:21:12.052228 -6  1160  3934
14:21:12.056025 -30  1168  3932
14:21:12.059868 -40  1166  3942
14:21:12.063706 -38  1162  3928
14:21:12.067666 -36  1168  3940
14:21:12.071459 -36  1160  3938
14:21:12.075339 -36  1168  3954
14:21:12.079125 -28  1160  3920
14:21:12.082949 -38  1150  3934
14:21:12.086730 -34  1152  3944
14:21:12.090554 -36  1156  3940
14:21:12.094789 -28  1164  3948
14:21:12.098662 -16  1160  3942
14:21:12.103682 -44  1146  3924
14:21:12.106292 -38  1162  3942
14:21:12.111788 -20  1166  3930
14:21:12.114121 -22  1150  3920
14:21:12.117890 -30  1154  3948
14:21:12.122395 -32  1158  3918
14:21:12.125239 -32  1156  3928
14:21:12.129120 -36  1164  3950
14:21:12.142594 -22  1162  3932
14:21:12.142872 -34  1166  3902
14:21:12.143167 -44  1150  3922
14:21:12.144475 -36  1160  3952
14:21:12.148403 -32  1164  3936
14:21:12.153357 -30  1148  3922
14:21:12.156013 -40  1156  3936
14:21:12.159869 -32  1166  3948
14:21:12.163757 -20  1150  3968
14:21:12.167600 -32  1164  3986
14:21:12.171435 -38  1146  3932
14:21:12.175240 -40  1162  3916
14:21:12.179128 -26  1164  3938
14:21:12.182944 -14  1150  3932
14:21:12.186795 -34  1156  3930
14:21:12.190675 -20  1158  3946
14:21:12.194497 -34  1164  3958
14:21:12.198353 -30  1162  3908
14:21:12.202477 -36  1148  3928
14:21:12.207003 -48  1164  3944
14:21:12.209892 -44  1146  3916
14:21:12.216317 -44  1142  3928
14:21:12.217612 -34  1160  3924
14:21:12.221752 -30  1158  3914
14:21:12.225251 -28  1152  3934
14:21:12.238712 -28  1164  3934
14:21:12.239067 -26  1172  3946
14:21:12.243290 -32  1162  3930
14:21:12.249046 -18  1170  3934
14:21:12.249427 -40  1166  3934
14:21:12.249876 -44  1154  3936
14:21:12.252233 -42  1152  3932
14:21:12.256400 -32  1158  3942
14:21:12.266280 -38  1160  3924
14:21:12.268042 -20  1152  3912
14:21:12.268557 -30  1152  3928
14:21:12.272224 -32  1164  3924
14:21:12.275331 -26  1148  3942
14:21:12.279153 -44  1164  3930
14:21:12.283018 -38  1172  3926
14:21:12.286934 -22  1160  3928
14:21:12.290770 -42  1156  3924
14:21:12.295364 -28  1160  3926
14:21:12.298410 -22  1162  3928
14:21:12.302313 -34  1160  3932
14:21:12.306088 -24  1156  3936
14:21:12.309968 -22  1162  3932
14:21:12.313816 -32  1156  3940
14:21:12.321995 -22  1154  3934
14:21:12.327945 -42  1144  3950
14:21:12.329075 -22  1158  3930
14:21:12.329462 -34  1150  3920
14:21:12.333112 -38  1160  3940
14:21:12.338326 -56  1148  3936
14:21:12.340752 -34  1158  3932
14:21:12.344519 -32  1146  3922
14:21:12.348480 -30  1156  3924
14:21:12.352313 -20  1148  3924
14:21:12.356085 -36  1158  3936
14:21:12.359927 -38  1156  3934
14:21:12.363799 -24  1162  3932
14:21:12.371381 -42  1154  3932
14:21:12.371934 -36  1160  3928
14:21:12.375375 -30  1166  3916
14:21:12.379274 -48  1160  3952
14:21:12.383486 -44  1156  3920
14:21:12.398213 -20  1150  3918
14:21:12.421751 -40  1150  3934
14:21:12.424450 -30  1166  3938
14:21:12.436555 -26  1152  3920
14:21:12.436909 -32  1152  3948
14:21:12.437124 -28  1160  3930
14:21:12.437202 -22  1154  3930
14:21:12.437531 -26  1168  3936
14:21:12.437688 -38  1160  3914
14:21:12.438072 -42  1156  3930
14:21:12.438333 -30  1166  3936
14:21:12.442689 -38  1168  3926
14:21:12.444601 -32  1158  3950
14:21:12.448462 -38  1168  3936
14:21:12.452312 -34  1162  3916
14:21:12.456489 -36  1150  3934
14:21:12.459996 -18  1164  3946
14:21:12.463855 -38  1154  3936
14:21:12.468393 -28  1168  3938
14:21:12.471564 -20  1152  3932
14:21:12.475674 -12  1166  3936
14:21:12.479249 -24  1166  3932
14:21:12.483087 -40  1144  3942
14:21:12.487278 -22  1164  3932
14:21:12.490821 -44  1162  3930
14:21:12.505691 -32  1146  3926
14:21:12.505828 -26  1160  3928
14:21:12.506232 -24  1156  3956
14:21:12.510009 -38  1150  3940
14:21:12.513900 -34  1164  3928
14:21:12.517682 -32  1158  3930
14:21:12.521603 -34  1148  3942
14:21:12.526116 -38  1154  3928
14:21:12.557775 -28  1172  3942
14:21:12.558993 -38  1156  3924
14:21:12.560457 -6  1166  3928
14:21:12.560766 -30  1156  3930
14:21:12.561056 -24  1156  3940
14:21:12.561434 -16  1164  3940
14:21:12.561871 -34  1144  3938
14:21:12.563735 -38  1158  3916
14:21:12.567965 -28  1162  3940
14:21:12.571432 -42  1158  3924
14:21:12.575387 -32  1160  3930
14:21:12.579146 -34  1162  3938
14:21:12.583029 -24  1152  3948
14:21:12.586921 -22  1166  3938
14:21:12.590909 -24  1156  3942
14:21:12.594641 -26  1158  3932
14:21:12.598523 -20  1166  3948
14:21:12.602665 -34  1152  3926
14:21:12.606901 -18  1150  3936
14:21:12.610082 -30  1162  3950
14:21:12.614051 -32  1156  3954
14:21:12.620542 -30  1146  3936
14:21:12.627403 -28  1150  3942
14:21:12.629642 -42  1162  3924
14:21:12.630057 -46  1150  3946
14:21:12.636096 -36  1154  3926
14:21:12.638953 -42  1162  3938
14:21:12.641073 -44  1152  3934
14:21:12.645561 -40  1160  3920
14:21:12.648598 -28  1160  3928
14:21:12.652258 -22  1164  3924
14:21:12.656460 -28  1164  3934
14:21:12.660012 -18  1144  3938
14:21:12.663808 -16  1166  3938
14:21:12.668031 -30  1162  3938
14:21:12.671498 -44  1148  3938
14:21:12.675606 -26  1150  3924
14:21:12.679182 -32  1160  3926
14:21:12.683016 -22  1162  3916
14:21:12.686905 -16  1150  3960
14:21:12.690800 -26  1160  3934
14:21:12.694564 -28  1152  3938
14:21:12.698423 -38  1156  3926
14:21:12.702213 -28  1158  3926
14:21:12.706061 -26  1158  3930
14:21:12.711276 -36  1152  3938
14:21:12.713746 -36  1170  3928
14:21:12.717606 -30  1164  3940
14:21:12.721882 -20  1156  3942
14:21:12.725427 -32  1150  3910
14:21:12.729206 -34  1154  3920
14:21:12.733022 -22  1150  3930
14:21:12.737891 -38  1166  3938
14:21:12.740790 -34  1162  3938
14:21:12.744594 -28  1152  3944
14:21:12.748382 -28  1166  3942
14:21:12.753212 -30  1148  3954
14:21:12.756122 -26  1172  3928
14:21:12.760017 -30  1156  3938
14:21:12.764537 -22  1154  3930
14:21:12.767605 -34  1162  3928
14:21:12.771854 -40  1154  3936
14:21:12.775419 -48  1166  3930
14:21:12.779151 -40  1154  3922
14:21:12.783091 -24  1152  3926
14:21:12.786900 -26  1164  3950
14:21:12.790686 -30  1154  3934
14:21:12.794533 -32  1160  3934
14:21:12.798429 -34  1154  3946
14:21:12.802188 -30  1162  3920
14:21:12.806061 -30  1148  3946
14:21:12.809963 -38  1156  3926
14:21:12.813893 -20  1164  3950
14:21:12.818553 -38  1152  3940
14:21:12.821495 -34  1162  3948
14:21:12.825380 -42  1160  3932
14:21:12.829262 -40  1164  3936
14:21:12.833904 -30  1160  3942
14:21:12.853712 -12  1152  3938
14:21:12.854132 -40  1158  3938
14:21:12.854478 -38  1160  3934
14:21:12.854812 -26  1150  3938
14:21:12.854834 -20  1142  3930
14:21:12.856795 -28  1158  3936
14:21:12.860649 -34  1154  3930
14:21:12.863894 -30  1162  3936
14:21:12.867661 -44  1158  3950
14:21:12.871646 -36  1160  3940
14:21:12.875436 -34  1156  3934
14:21:12.879132 -36  1156  3944
14:21:12.884491 -44  1172  3948
14:21:12.886922 -36  1154  3938
14:21:12.890746 -32  1164  3934
14:21:12.894597 -34  1166  3928
14:21:12.898546 -40  1158  3932
14:21:12.902366 -28  1162  3936
14:21:12.906142 -40  1162  3928
14:21:12.910013 -42  1158  3944
14:21:12.913851 -50  1168  3926
14:21:12.917688 -40  1154  3942
14:21:12.921677 -48  1170  3926
14:21:12.925467 -36  1160  3932
14:21:12.929231 -32  1170  3926
14:21:12.933106 -34  1150  3924
14:21:12.938782 -28  1158  3938
14:21:12.940836 -22  1156  3916
14:21:12.946701 -26  1154  3934
14:21:12.948413 -30  1150  3944
14:21:12.952308 -32  1158  3928
14:21:12.956167 -38  1168  3928
14:21:12.959945 -42  1164  3938
14:21:12.964976 -44  1158  3952
14:21:12.967680 -40  1160  3928
14:21:12.971584 -32  1162  3936
14:21:12.975472 -22  1154  3934
14:21:12.979296 -38  1144  3924
14:21:12.983118 -32  1146  3948
14:21:12.986979 -30  1172  3958
14:21:12.990850 -28  1172  3934
14:21:12.994676 -40  1156  3922
14:21:12.998680 -28  1148  3934
14:21:13.002311 -46  1160  3940
14:21:13.006156 -28  1172  3950
14:21:13.010018 -30  1170  3938
14:21:13.013891 -20  1158  3940
14:21:13.017783 -28  1156  3938
14:21:13.021847 -32  1170  3936
14:21:13.026271 -22  1164  3942
14:21:13.029274 -30  1162  3930
14:21:13.033150 -32  1154  3936
14:21:13.036960 -30  1154  3926
14:21:13.045534 -30  1142  3926
14:21:13.045837 -38  1158  3930
14:21:13.048448 -40  1164  3924
14:21:13.052452 -42  1156  3950
14:21:13.056162 -48  1162  3922
14:21:13.059998 -36  1144  3916
14:21:13.063961 -16  1148  3934
14:21:13.069559 -28  1146  3946
14:21:13.072371 -28  1160  3926
14:21:13.075819 -38  1152  3938
14:21:13.079365 -34  1152  3932
14:21:13.083160 -40  1168  3912
14:21:13.087062 -38  1150  3928
14:21:13.090925 -36  1164  3936
14:21:13.094708 -14  1156  3922
14:21:13.098552 -38  1150  3938
14:21:13.102351 -32  1170  3940
14:21:13.106180 -34  1160  3918
14:21:13.110095 -24  1142  3944
14:21:13.113928 -36  1158  3938
14:21:13.117812 -36  1144  3922
14:21:13.121597 -52  1154  3934
14:21:13.125409 -32  1160  3940
14:21:13.129343 -30  1142  3926
14:21:13.133174 -40  1168  3944
14:21:13.137007 -28  1154  3932
14:21:13.140868 -34  1146  3920
14:21:13.144778 -40  1168  3920
14:21:13.148567 -40  1164  3942
14:21:13.152421 -42  1168  3936
14:21:13.156303 -42  1146  3928
14:21:13.160440 -26  1166  3942
14:21:13.163954 -36  1152  3932
14:21:13.167810 -40  1166  3918
14:21:13.171670 -48  1152  3944
14:21:13.175497 -32  1166  3924
14:21:13.179408 -42  1164  3934
14:21:13.183218 -32  1152  3936
14:21:13.187037 -28  1156  3926
14:21:13.190875 -38  1158  3932
14:21:13.194803 -26  1158  3938
14:21:13.198616 -24  1152  3942
14:21:13.202497 -34  1168  3940
14:21:13.206198 -30  1160  3944
14:21:13.210145 -28  1150  3934
14:21:13.245583 -44  1160  3940
14:21:13.246065 -38  1164  3938
14:21:13.254448 -22  1156  3970
14:21:13.254743 -32  1162  3934
14:21:13.255276 -24  1162  3930
14:21:13.255328 -22  1160  3940
14:21:13.255842 -36  1142  3932
14:21:13.256552 -40  1162  3922
14:21:13.256569 -30  1164  3934
14:21:13.256577 -30  1144  3926
14:21:13.256934 -24  1160  3928
14:21:13.260170 -34  1152  3914
14:21:13.264050 -30  1150  3922
14:21:13.267850 -34  1148  3940
14:21:13.271604 -26  1160  3928
14:21:13.275583 -32  1158  3934
14:21:13.279415 -40  1150  3956
14:21:13.283280 -26  1166  3926
14:21:13.287050 -32  1154  3930
14:21:13.302296 -34  1162  3944
14:21:13.302678 -32  1162  3932
14:21:13.303036 -34  1150  3926
14:21:13.303295 -44  1162  3940
14:21:13.306219 -34  1162  3928
14:21:13.310086 -36  1156  3932
14:21:13.314302 -34  1142  3936
14:21:13.317835 -30  1166  3934
14:21:13.321727 -42  1152  3932
14:21:13.325497 -32  1156  3942
14:21:13.329288 -24  1156  3946
14:21:13.333296 -36  1164  3920
14:21:13.337887 -36  1162  3934
14:21:13.341328 -22  1158  3924
14:21:13.344755 -34  1158  3938
14:21:13.348592 -34  1162  3932
14:21:13.352437 -30  1160  3922
14:21:13.356304 -34  1146  3926
14:21:13.360135 -34  1158  3924
14:21:13.364630 -32  1162  3940
14:21:13.368190 -28  1156  3934
14:21:13.371691 -34  1164  3928
14:21:13.375628 -30  1164  3920
14:21:13.379340 -38  1172  3920
14:21:13.383181 -34  1160  3936
14:21:13.386982 -34  1156  3934
14:21:13.390824 -24  1160  3930
14:21:13.394671 -44  1164  3934
14:21:13.398687 -6  1164  3950
14:21:13.402452 -40  1172  3932
14:21:13.406765 -20  1156  3926
14:21:13.410145 -40  1172  3930
14:21:13.413930 -30  1164  3932
14:21:13.417807 -34  1150  3920
14:21:13.421632 -26  1152  3938
14:21:13.425518 -44  1146  3926
14:21:13.429336 -18  1156  3926
14:21:13.433112 -38  1148  3930
14:21:13.437021 -50  1148  3930
14:21:13.442090 -36  1172  3918
14:21:13.445044 -22  1166  3940
14:21:13.448534 -44  1160  3948
14:21:13.452374 -32  1162  3942
14:21:13.456264 -40  1164  3948
14:21:13.460370 -40  1162  3938
14:21:13.464219 -22  1142  3940
14:21:13.468916 -30  1158  3918
14:21:13.471617 -36  1150  3918
14:21:13.475475 -40  1152  3938
14:21:13.479310 -44  1168  3938
14:21:13.484237 -22  1150  3940
14:21:13.487525 -34  1162  3916
14:21:13.490878 -48  1152  3932
14:21:13.494765 -46  1168  3936
14:21:13.499778 -22  1152  3938
14:21:13.502705 -26  1148  3944
14:21:13.506591 -36  1158  3938
14:21:13.510112 -22  1160  3924
14:21:13.515292 -44  1154  3934
14:21:13.517896 -34  1166  3936
14:21:13.521770 -32  1144  3948
14:21:13.528591 -38  1158  3926
14:21:13.529203 -34  1148  3954
14:21:13.533225 -36  1170  3948
14:21:13.537114 -30  1166  3936
14:21:13.541216 -40  1152  3932
14:21:13.550032 -20  1152  3948
14:21:13.550056 -46  1160  3934
14:21:13.554166 -32  1154  3948
14:21:13.556239 -26  1166  3916
14:21:13.561102 -38  1158  3938
14:21:13.566098 -32  1162  3958
14:21:13.567824 -44  1156  3926
14:21:13.574137 -40  1166  3932
14:21:13.575996 -32  1166  3918
14:21:13.579939 -44  1154  3938
14:21:13.583822 -36  1154  3930
14:21:13.588355 -38  1156  3952
14:21:13.591707 -26  1158  3918
14:21:13.594629 -38  1162  3950
14:21:13.598587 -32  1156  3940
14:21:13.603681 -20  1150  3922
14:21:13.606845 -36  1150  3938
14:21:13.610805 -18  1166  3940
14:21:13.614380 -42  1160  3932
14:21:13.617824 -22  1162  3934
14:21:13.621623 -40  1156  3922
14:21:13.625516 -42  1174  3928
14:21:13.629395 -36  1170  3930
14:21:13.634152 -22  1168  3936
14:21:13.637068 -26  1168  3934
14:21:13.640821 -30  1152  3926
14:21:13.644706 -38  1156  3934
14:21:13.651591 -30  1162  3936
14:21:13.652427 -42  1158  3926
14:21:13.656315 -28  1152  3940
14:21:13.660226 -32  1152  3930
14:21:13.671899 -18  1156  3926
14:21:13.672114 -38  1164  3922
14:21:13.672481 -40  1146  3928
14:21:13.675493 -34  1160  3934
14:21:13.679401 -34  1156  3930
14:21:13.683195 -40  1158  3940
14:21:13.687056 -38  1152  3938
14:21:13.691240 -28  1170  3932
14:21:13.696160 -24  1164  3926
14:21:13.700260 -28  1170  3924
14:21:13.703308 -38  1168  3936
14:21:13.706830 -24  1152  3938
14:21:13.710215 -24  1158  3940
14:21:13.714378 -28  1150  3932
14:21:13.717813 -24  1158  3936
14:21:13.721714 -32  1162  3932
14:21:13.725488 -40  1154  3932
14:21:13.729599 -42  1162  3952
14:21:13.733169 -32  1156  3940
14:21:13.737086 -44  1158  3934
14:21:13.740965 -42  1166  3930
14:21:13.745064 -36  1152  3926
14:21:13.749215 -44  1158  3936
14:21:13.752770 -34  1158  3940
14:21:13.756451 -30  1162  3920
14:21:13.760174 -40  1150  3936
14:21:13.764022 -20  1158  3938
14:21:13.767876 -32  1158  3938
14:21:13.775370 -42  1152  3920
14:21:13.775639 -30  1168  3924
14:21:13.779720 -30  1168  3944
14:21:13.783550 -20  1156  3922
14:21:13.787690 -34  1158  3936
14:21:13.791422 -26  1150  3924
14:21:13.794809 -30  1152  3916
14:21:13.801231 -34  1152  3936
14:21:13.803120 -36  1162  3944
14:21:13.807106 -42  1170  3940
14:21:13.811057 -28  1162  3940
14:21:13.814239 -28  1154  3950
14:21:13.817835 -34  1162  3950
14:21:13.821652 -34  1148  3940
14:21:13.825566 -24  1168  3946
14:21:13.829386 -28  1162  3936
14:21:13.833231 -42  1164  3954
14:21:13.837073 -44  1164  3922
14:21:13.840983 -32  1154  3914
14:21:13.846384 -30  1164  3930
14:21:13.848633 -28  1154  3946
14:21:13.853075 -26  1158  3936
14:21:13.856953 -38  1164  3928
14:21:13.861457 -28  1162  3936
14:21:13.864654 -26  1146  3920
14:21:13.868139 -38  1170  3932
14:21:13.872010 -30  1154  3928
14:21:13.875618 -38  1148  3924
14:21:13.880334 -32  1152  3932
14:21:13.883896 -40  1158  3930
14:21:13.887484 -28  1144  3936
14:21:13.891619 -32  1162  3928
14:21:13.894812 -42  1156  3940
14:21:13.899833 -44  1158  3942
14:21:13.902474 -34  1156  3920
14:21:13.908184 -36  1150  3950
14:21:13.910188 -24  1156  3934
14:21:13.914405 -28  1150  3934
14:21:13.917941 -28  1158  3936
14:21:13.922346 -36  1166  3952
14:21:13.926266 -34  1162  3932
14:21:13.929491 -34  1166  3948
14:21:13.933283 -46  1156  3932
14:21:13.937679 -30  1158  3942
14:21:13.941266 -20  1144  3940
14:21:13.945178 -26  1154  3938
14:21:13.948759 -24  1162  3938
14:21:13.952548 -26  1146  3942
14:21:13.957346 -34  1144  3934
14:21:13.960906 -40  1154  3928
14:21:13.964099 -52  1146  3936
14:21:13.968505 -38  1162  3930
14:21:13.974303 -40  1154  3930
14:21:13.976686 -38  1160  3930
14:21:13.980112 -30  1144  3928
14:21:13.983967 -16  1150  3930
14:21:13.987396 -36  1164  3940
14:21:13.991264 -20  1162  3950
14:21:13.996452 -48  1158  3930
14:21:13.998695 -30  1158  3946
14:21:14.002821 -28  1162  3932
14:21:14.006406 -34  1170  3936
14:21:14.010244 -34  1156  3944
14:21:14.014404 -30  1158  3930
14:21:14.017944 -26  1148  3932
14:21:14.022063 -38  1154  3938
14:21:14.025695 -38  1166  3964
14:21:14.030629 -32  1152  3952
14:21:14.035282 -22  1166  3928
14:21:14.037122 -38  1158  3938
14:21:14.041675 -32  1162  3942
14:21:14.045154 -22  1158  3940
14:21:14.049087 -26  1132  3936
14:21:14.052866 -26  1152  3954
14:21:14.056759 -38  1164  3934
14:21:14.060967 -28  1150  3934
14:21:14.064415 -18  1170  3924
14:21:14.069462 -36  1152  3934
14:21:14.071734 -36  1158  3926
14:21:14.076606 -24  1156  3932
14:21:14.079723 -28  1160  3914
14:21:14.084222 -32  1144  3928
14:21:14.087740 -40  1154  3954
14:21:14.091271 -22  1162  3928
14:21:14.096293 -28  1160  3926
14:21:14.099106 -46  1158  3934
14:21:14.103122 -32  1158  3920
14:21:14.106483 -32  1164  3936
14:21:14.112790 -26  1158  3934
14:21:14.115198 -28  1164  3926
14:21:14.118799 -40  1160  3922
14:21:14.123782 -24  1166  3924
14:21:14.126524 -30  1142  3928
14:21:14.134172 -20  1156  3950
14:21:14.135324 -34  1150  3952
14:21:14.138678 -34  1156  3930
14:21:14.141468 -30  1164  3938
14:21:14.144874 -36  1162  3938
14:21:14.149018 -38  1154  3932
14:21:14.152511 -46  1160  3938
14:21:14.156423 -36  1162  3920
14:21:14.162160 -36  1152  3948
14:21:14.164082 -26  1150  3934
14:21:14.167923 -34  1154  3928
14:21:14.172193 -24  1148  3960
14:21:14.176521 -28  1160  3928
14:21:14.179807 -38  1170  3934
14:21:14.183335 -26  1158  3930
14:21:14.187142 -22  1162  3928
14:21:14.192823 -38  1150  3920
14:21:14.195274 -34  1156  3930
14:21:14.200121 -24  1148  3966
14:21:14.204784 -34  1154  3936
14:21:14.206652 -36  1162  3946
14:21:14.210199 -32  1162  3926
14:21:14.215659 -34  1162  3942
14:21:14.218374 -34  1156  3924
14:21:14.222093 -30  1162  3922
14:21:14.227065 -26  1154  3924
14:21:14.229751 -30  1142  3928
14:21:14.233313 -18  1172  3940
14:21:14.237783 -38  1152  3932
14:21:14.242596 -24  1162  3944
14:21:14.246636 -32  1150  3944
14:21:14.248983 -20  1156  3950
14:21:14.252827 -34  1156  3940
14:21:14.257803 -42  1146  3942
14:21:14.260864 -22  1140  3926
14:21:14.264308 -30  1164  3922
14:21:14.267930 -28  1156  3926
14:21:14.272201 -36  1156  3932
14:21:14.280472 -24  1156  3948
14:21:14.280510 -32  1150  3928
14:21:14.283336 -44  1154  3924
14:21:14.288199 -32  1170  3932
14:21:14.291269 -40  1168  3946
14:21:14.297187 -32  1146  3934
14:21:14.298654 -24  1158  3936
14:21:14.304946 -40  1162  3924
14:21:14.307042 -32  1158  3922
14:21:14.310887 -36  1162  3926
14:21:14.314635 -34  1164  3946
14:21:14.317928 -38  1144  3932
14:21:14.322930 -32  1166  3924
14:21:14.325642 -30  1156  3926
14:21:14.329503 -34  1166  3904
14:21:14.335891 -34  1158  3928
14:21:14.337198 -40  1172  3928
14:21:14.341032 -16  1152  3932
14:21:14.344910 -20  1162  3954
14:21:14.350005 -36  1164  3952
14:21:14.352642 -24  1166  3920
14:21:14.356754 -46  1154  3928
14:21:14.360539 -24  1162  3926
14:21:14.364587 -40  1148  3950
14:21:14.368395 -34  1154  3926
14:21:14.372308 -44  1154  3938
14:21:14.375708 -32  1168  3930
14:21:14.380453 -36  1150  3932
14:21:14.384299 -28  1150  3930
14:21:14.387554 -40  1166  3936
14:21:14.392041 -34  1162  3938
14:21:14.395109 -38  1152  3942
14:21:14.399633 -36  1168  3922
14:21:14.405562 -28  1154  3930
14:21:14.406425 -44  1164  3932
14:21:14.411611 -28  1148  3924
14:21:14.414911 -36  1158  3932
14:21:14.418058 -38  1162  3934
14:21:14.421816 -38  1144  3930
14:21:14.427688 -30  1150  3938
14:21:14.429751 -38  1162  3940
14:21:14.433948 -34  1148  3916
14:21:14.443240 -14  1154  3940
14:21:14.443314 -28  1162  3970
14:21:14.445116 -38  1154  3908
14:21:14.449009 -36  1158  3928
14:21:14.452651 -20  1170  3936
14:21:14.456555 -18  1158  3922
14:21:14.460344 -32  1156  3920
14:21:14.464282 -34  1164  3942
14:21:14.468056 -26  1148  3932
14:21:14.471874 -20  1154  3922
14:21:14.475739 -36  1168  3934
14:21:14.479597 -22  1154  3924
14:21:14.483438 -28  1172  3924
14:21:14.487229 -26  1162  3930
14:21:14.491022 -32  1160  3914
14:21:14.494903 -32  1148  3942
14:21:14.500292 -24  1168  3940
14:21:14.502556 -30  1152  3936
14:21:14.506431 -44  1142  3938
14:21:14.510242 -30  1168  3928
14:21:14.514128 -38  1174  3932
14:21:14.517967 -40  1148  3926
14:21:14.521815 -36  1158  3940
14:21:14.525772 -32  1152  3928
14:21:14.529567 -36  1152  3916
14:21:14.533414 -22  1162  3940
14:21:14.537276 -20  1152  3928
14:21:14.541195 -30  1140  3926
14:21:14.545043 -54  1152  3936
14:21:14.548822 -30  1166  3926
14:21:14.552708 -38  1166  3918
14:21:14.556550 -22  1160  3942
14:21:14.560387 -26  1168  3930
14:21:14.564436 -36  1154  3920
14:21:14.568067 -46  1158  3918
14:21:14.571927 -38  1162  3936
14:21:14.575770 -26  1140  3924
14:21:14.579711 -34  1162  3948
14:21:14.583546 -34  1162  3946
14:21:14.587334 -34  1146  3926
14:21:14.591134 -32  1156  3934
14:21:14.595013 -30  1150  3912
14:21:14.605074 -42  1156  3934
14:21:14.605090 -38  1150  3930
14:21:14.606933 -22  1174  3936
14:21:14.610710 -34  1152  3922
14:21:14.614270 -38  1154  3922
14:21:14.618112 -32  1156  3932
14:21:14.622045 -38  1154  3934
14:21:14.625812 -46  1162  3938
14:21:14.629694 -14  1144  3926
14:21:14.633480 -40  1168  3938
14:21:14.637360 -40  1154  3924
14:21:14.641282 -42  1160  3940
14:21:14.645080 -38  1156  3942
14:21:14.655529 -26  1170  3940
14:21:14.655822 -40  1140  3928
14:21:14.656520 -38  1156  3926
14:21:14.660448 -32  1152  3922
14:21:14.664332 -40  1168  3946
14:21:14.668076 -32  1148  3940
14:21:14.671972 -36  1148  3924
14:21:14.675843 -28  1156  3938
14:21:14.680045 -50  1150  3928
14:21:14.683530 -40  1154  3944
14:21:14.687721 -36  1156  3936
14:21:14.691202 -22  1168  3922
14:21:14.696187 -34  1152  3934
14:21:14.698968 -32  1162  3936
14:21:14.703015 -34  1156  3924
14:21:14.706608 -42  1166  3934
14:21:14.710728 -38  1154  3934
14:21:14.714264 -28  1154  3936
14:21:14.718153 -38  1162  3940
14:21:14.722460 -28  1176  3924
14:21:14.725841 -24  1150  3940
14:21:14.729669 -22  1142  3934
14:21:14.733457 -34  1160  3926
14:21:14.737799 -30  1152  3938
14:21:14.741156 -34  1142  3956
14:21:14.745079 -30  1150  3938
14:21:14.748998 -40  1150  3924
14:21:14.752783 -24  1156  3944
14:21:14.756636 -24  1156  3936
14:21:14.760474 -40  1154  3926
14:21:14.764580 -40  1164  3946
14:21:14.768099 -32  1158  3926
14:21:14.771933 -28  1168  3936
14:21:14.775847 -32  1162  3928
14:21:14.779936 -32  1154  3926
14:21:14.783481 -40  1158  3938
14:21:14.787315 -34  1160  3916
14:21:14.791540 -32  1162  3922
14:21:14.795111 -32  1160  3948
14:21:14.799996 -42  1148  3938
14:21:14.802747 -22  1136  3938
14:21:14.807594 -32  1152  3930
14:21:14.811433 -28  1144  3918
14:21:14.814316 -26  1150  3930
14:21:14.822074 -26  1152  3936
14:21:14.823058 -38  1160  3934
14:21:14.826897 -30  1156  3936
14:21:14.829895 -30  1144  3944
14:21:14.833446 -38  1162  3960
14:21:14.837312 -22  1154  3932
14:21:14.842266 -18  1158  3932
14:21:14.845125 -38  1152  3930
14:21:14.848823 -30  1156  3928
14:21:14.853088 -22  1152  3932
14:21:14.856528 -24  1148  3938
14:21:14.860427 -28  1164  3934
14:21:14.864281 -36  1156  3950
14:21:14.869045 -44  1162  3930
14:21:14.871961 -42  1160  3950
14:21:14.875868 -44  1158  3926
14:21:14.879729 -48  1154  3936
14:21:14.883564 -36  1162  3928
14:21:14.887395 -28  1156  3938
14:21:14.891242 -22  1154  3940
14:21:14.895109 -16  1158  3938
14:21:14.898963 -36  1164  3928
14:21:14.903135 -46  1146  3920
14:21:14.906632 -42  1158  3930
14:21:14.910437 -34  1168  3938
14:21:14.914602 -18  1156  3928
14:21:14.918169 -40  1162  3926
14:21:14.922908 -32  1154  3930
14:21:14.925869 -32  1152  3942
14:21:14.931326 -32  1142  3928
14:21:14.933478 -30  1164  3920
14:21:14.937393 -42  1148  3932
14:21:14.941220 -36  1170  3926
14:21:14.944994 -26  1162  3924
14:21:14.949594 -44  1162  3934
14:21:14.952684 -36  1154  3942
14:21:14.956530 -34  1162  3940
14:21:14.960385 -20  1156  3926
14:21:14.964297 -36  1156  3930
14:21:14.968104 -36  1152  3928
14:21:14.971983 -30  1156  3964
14:21:14.975814 -32  1156  3938
14:21:14.983702 -26  1166  3940
14:21:14.984094 -30  1160  3936
14:21:14.988127 -32  1158  3938
14:21:14.991252 -28  1158  3956
14:21:14.995031 -24  1144  3940
14:21:14.998871 -28  1144  3942
14:21:15.002765 -28  1172  3958
14:21:15.010656 -34  1164  3938
14:21:15.010990 -30  1162  3948
14:21:15.014352 -34  1166  3928
14:21:15.018079 -28  1170  3942
14:21:15.022265 -34  1152  3930
14:21:15.030233 -36  1176  3944
14:21:15.030488 -28  1150  3930
14:21:15.035808 -18  1160  3922
14:21:15.037362 -30  1158  3936
14:21:15.041487 -40  1164  3938
14:21:15.046871 -40  1156  3904
14:21:15.049265 -32  1164  3924
14:21:15.054632 -30  1146  3952
14:21:15.119078 -38  1162  3946
14:21:15.119419 -22  1160  3932
14:21:15.119438 -32  1150  3940
14:21:15.119445 -36  1160  3954
14:21:15.119451 -34  1152  3938
14:21:15.119458 -38  1156  3932
14:21:15.119464 -32  1142  3936
14:21:15.119470 -30  1162  3930
14:21:15.119476 -30  1154  3922
14:21:15.120340 -28  1142  3936
14:21:15.120356 -20  1150  3926
14:21:15.120364 -24  1142  3926
14:21:15.120370 -28  1154  3938
14:21:15.120376 -40  1166  3926
14:21:15.120382 -32  1166  3918
14:21:15.120388 -26  1156  3922
14:21:15.120394 -48  1154  3934
14:21:15.122003 -36  1158  3932
14:21:15.125836 -30  1162  3944
14:21:15.130018 -16  1156  3926
14:21:15.133522 -36  1164  3922
14:21:15.137401 -30  1150  3936
14:21:15.141203 -22  1160  3914
14:21:15.145110 -32  1158  3938
14:21:15.149015 -22  1148  3938
14:21:15.153172 -28  1160  3930
14:21:15.158571 -30  1146  3938
14:21:15.160754 -30  1148  3930
14:21:15.164660 -46  1148  3930
14:21:15.168247 -48  1160  3944
14:21:15.172035 -24  1158  3938
14:21:15.175884 -38  1162  3936
14:21:15.180367 -34  1164  3940
14:21:15.183828 -32  1150  3938
14:21:15.187728 -38  1152  3928
14:21:15.192522 -28  1170  3912
14:21:15.198584 -32  1170  3948
14:21:15.201254 -26  1146  3926
14:21:15.203427 -30  1144  3948
14:21:15.206834 -44  1164  3924
14:21:15.210515 -30  1154  3928
14:21:15.214377 -24  1156  3918
14:21:15.220637 -36  1160  3938
14:21:15.222677 -28  1166  3934
14:21:15.226263 -56  1160  3928
14:21:15.229765 -34  1148  3926
14:21:15.233635 -26  1162  3924
14:21:15.237743 -38  1154  3928
14:21:15.241667 -28  1136  3934
14:21:15.245819 -38  1152  3952
14:21:15.250860 -44  1150  3934
14:21:15.253157 -38  1154  3926
14:21:15.256698 -38  1160  3942
14:21:15.260555 -26  1138  3930
14:21:15.264384 -44  1166  3916
14:21:15.268589 -26  1166  3926
14:21:15.274485 -34  1162  3938
14:21:15.281430 -42  1166  3932
14:21:15.281495 -36  1166  3920
14:21:15.284836 -20  1150  3942
14:21:15.288521 -34  1166  3940
14:21:15.291572 -34  1166  3932
14:21:15.295184 -14  1152  3938
14:21:15.299018 -20  1160  3936
14:21:15.302910 -42  1154  3932
14:21:15.306766 -32  1164  3930
14:21:15.310575 -28  1146  3932
14:21:15.314444 -38  1152  3920
14:21:15.318256 -26  1170  3936
14:21:15.322495 -36  1152  3930
14:21:15.326633 -28  1166  3942
14:21:15.329911 -18  1160  3926
14:21:15.333666 -30  1160  3918
14:21:15.337612 -18  1144  3940
14:21:15.341399 -30  1158  3946
14:21:15.345885 -32  1154  3926
14:21:15.349200 -18  1160  3928
14:21:15.352957 -22  1158  3922
14:21:15.356801 -34  1150  3954
14:21:15.360607 -32  1164  3950
14:21:15.364699 -24  1156  3940
14:21:15.368331 -32  1144  3938
14:21:15.372141 -34  1146  3938
14:21:15.375975 -40  1164  3936
14:21:15.379840 -28  1162  3958
14:21:15.383659 -28  1170  3924
14:21:15.387487 -28  1164  3932
14:21:15.391375 -42  1140  3942
14:21:15.395228 -46  1158  3928
14:21:15.399068 -40  1156  3972
14:21:15.402917 -36  1168  3938
14:21:15.406782 -44  1162  3936
14:21:15.411348 -38  1148  3938
14:21:15.414395 -22  1170  3936
14:21:15.418266 -34  1156  3922
14:21:15.422094 -38  1156  3924
14:21:15.426786 -24  1150  3936
14:21:15.429788 -32  1164  3942
14:21:15.433621 -46  1144  3940
14:21:15.437451 -38  1142  3922
14:21:15.441384 -30  1158  3924
14:21:15.445166 -34  1172  3934
14:21:15.449076 -32  1150  3948
14:21:15.453586 -32  1160  3946
14:21:15.456800 -30  1146  3948
14:21:15.460865 -28  1154  3942
14:21:15.464644 -24  1164  3924
14:21:15.469034 -42  1162  3928
14:21:15.472578 -42  1160  3928
14:21:15.476169 -44  1154  3922
14:21:15.480005 -50  1176  3944
14:21:15.483852 -92  1368  3920
14:21:15.487737 12  1034  3994
14:21:15.491432 -14  1118  3926
14:21:15.496112 -24  1132  3966
14:21:15.499264 -26  1158  3962
14:21:15.503105 -36  1144  3930
14:21:15.506834 -38  1154  3944
14:21:15.510747 -40  1164  3938
14:21:15.514652 -30  1148  3916
14:21:15.518497 -32  1164  3910
14:21:15.525131 -36  1160  3944
14:21:15.526010 -36  1154  3944
14:21:15.530335 -32  1122  3920
14:21:15.533846 -32  1152  3928
14:21:15.537629 -28  1148  3922
14:21:15.541455 -32  1150  3924
14:21:15.545356 -40  1154  3944
14:21:15.550729 -46  1166  3950
14:21:15.553397 -36  1158  3926
14:21:15.558191 -36  1166  3922
14:21:15.560648 -36  1140  3942
14:21:15.564717 -30  1158  3930
14:21:15.568477 -24  1146  3914
14:21:15.574221 -42  1148  3932
14:21:15.576591 -24  1164  3938
14:21:15.579995 -28  1156  3930
14:21:15.583875 -40  1144  3944
14:21:15.587634 -30  1156  3928
14:21:15.591476 -32  1146  3930
14:21:15.595254 -30  1152  3930
14:21:15.600423 -44  1160  3922
14:21:15.603353 -34  1168  3918
14:21:15.606902 -30  1154  3948
14:21:15.610739 -40  1150  3916
14:21:15.614927 -36  1158  3922
14:21:15.618482 -34  1160  3932
14:21:15.622248 -20  1172  3942
14:21:15.626167 -36  1162  3930
