14:43:37.223400 8  576  4050
14:43:37.224066 0  568  4072
14:43:37.226249 12  568  4052
14:43:37.238897 24  568  4068
14:43:37.240258 22  562  4038
14:43:37.241413 8  572  4042
14:43:37.244178 12  578  4046
14:43:37.245574 12  572  4070
14:43:37.252552 -2  580  4056
14:43:37.252664 20  552  4056
14:43:37.256887 8  576  4044
14:43:37.260496 2  556  4076
14:43:37.265487 24  564  4046
14:43:37.269610 14  576  4048
14:43:37.272538 0  570  4050
14:43:37.276958 8  560  4040
14:43:37.280023 10  578  4034
14:43:37.285803 8  566  4054
14:43:37.300393 8  574  4044
14:43:37.305520 14  574  4072
14:43:37.306869 8  556  4058
14:43:37.308058 16  568  4044
14:43:37.309927 14  580  4038
14:43:37.321251 16  562  4062
14:43:37.322632 12  566  4046
14:43:37.325295 16  570  4072
14:43:37.326057 6  550  4044
14:43:37.327419 20  564  4038
14:43:37.329085 16  560  4074
14:43:37.333300 8  572  4058
14:43:37.335627 6  578  4060
14:43:37.337529 26  554  4072
14:43:37.343132 -2  556  4044
14:43:37.344544 18  574  4062
14:43:37.348294 16  572  4056
14:43:37.357606 14  572  4062
14:43:37.358516 12  562  4034
14:43:37.361627 12  560  4070
14:43:37.364888 10  560  4050
14:43:37.367422 10  576  4056
14:43:37.371230 10  564  4058
14:43:37.375117 14  560  4044
14:43:37.382146 12  560  4046
14:43:37.384075 16  576  4068
14:43:37.387862 24  562  4064
14:43:37.391622 6  588  4052
14:43:37.394153 20  550  4058
14:43:37.399271 12  556  4064
14:43:37.401754 8  554  4068
14:43:37.413354 4  576  4048
14:43:37.414653 16  562  4038
14:43:37.415815 10  566  4068
14:43:37.417275 12  566  4068
14:43:37.424981 12  574  4040
14:43:37.426339 14  578  4060
14:43:37.428500 12  562  4052
14:43:37.433229 18  576  4046
14:43:37.436173 0  574  4048
14:43:37.444653 14  574  4060
14:43:37.445967 20  568  4070
14:43:37.496112 8  564  4062
14:43:37.497459 6  558  4052
14:43:37.498461 24  554  4068
14:43:37.499841 6  558  4062
14:43:37.501027 18  560  4058
14:43:37.502712 0  566  4058
14:43:37.504022 4  564  4072
14:43:37.504960 18  566  4068
14:43:37.506175 24  568  4054
14:43:37.507437 10  564  4060
14:43:37.508726 12  564  4058
14:43:37.510001 16  570  4058
14:43:37.511196 12  570  4038
14:43:37.513404 20  558  4054
14:43:37.521646 12  570  4046
14:43:37.522598 6  566  4044
14:43:37.523749 18  560  4060
14:43:37.525973 10  576  4078
14:43:37.529648 16  568  4058
14:43:37.534880 16  562  4062
14:43:37.563331 8  574  4052
14:43:37.581986 6  572  4036
14:43:37.583017 24  568  4072
14:43:37.584290 20  566  4048
14:43:37.588400 0  556  4064
14:43:37.589769 12  584  4060
14:43:37.591005 16  568  4056
14:43:37.592287 14  572  4048
14:43:37.593474 20  572  4058
14:43:37.595947 10  584  4040
14:43:37.597187 8  562  4058
14:43:37.598397 6  576  4062
14:43:37.599633 6  570  4058
14:43:37.600849 20  566  4050
14:43:37.603194 10  576  4048
14:43:37.604753 16  562  4044
14:43:37.610923 16  578  4052
14:43:37.641777 4  572  4068
14:43:37.643892 0  584  4060
14:43:37.645393 10  572  4056
14:43:37.646819 18  580  4050
14:43:37.648360 14  554  4058
14:43:37.649410 16  570  4060
14:43:37.650651 12  556  4060
14:43:37.652072 8  574  4060
14:43:37.653149 14  596  4056
14:43:37.661044 2  568  4058
14:43:37.661699 4  574  4058
14:43:37.662878 10  570  4064
14:43:37.664142 2  566  4044
14:43:37.665336 16  568  4046
14:43:37.666649 20  586  4062
14:43:37.671914 12  556  4066
14:43:37.673415 12  574  4056
14:43:37.689129 10  556  4054
14:43:37.689206 20  568  4054
14:43:37.690244 0  578  4064
14:43:37.690968 14  578  4058
14:43:37.696921 10  568  4070
14:43:37.698593 4  562  4054
14:43:37.700531 12  564  4044
14:43:37.705047 18  562  4064
14:43:37.708987 12  570  4060
14:43:37.711709 6  574  4066
14:43:37.716802 4  560  4056
14:43:37.723308 14  556  4050
14:43:37.725109 4  576  4058
14:43:37.726751 22  564  4062
14:43:37.733436 10  570  4052
14:43:37.737203 20  576  4066
14:43:37.752954 14  560  4062
14:43:37.754132 16  564  4072
14:43:37.755414 14  590  4068
14:43:37.756883 6  582  4060
14:43:37.759286 8  570  4052
14:43:37.768848 28  590  4058
14:43:37.770200 2  554  4066
14:43:37.772345 12  576  4052
14:43:37.773830 16  566  4072
14:43:37.775013 10  570  4056
14:43:37.777619 16  566  4064
14:43:37.780198 8  552  4056
14:43:37.783995 8  558  4054
14:43:37.787791 10  578  4046
14:43:37.792424 12  568  4064
14:43:37.795405 18  568  4068
14:43:37.800165 6  576  4054
14:43:37.803133 18  566  4052
14:43:37.818718 18  574  4050
14:43:37.819882 22  560  4042
14:43:37.844187 18  584  4062
14:43:37.845343 14  566  4058
14:43:37.862409 12  578  4064
14:43:37.885909 12  574  4058
14:43:37.888433 12  556  4072
14:43:37.889786 12  554  4042
14:43:37.891527 8  570  4062
14:43:37.893770 0  564  4058
14:43:37.896401 24  568  4064
14:43:37.897643 14  580  4064
14:43:37.900604 14  570  4056
14:43:37.902281 18  568  4082
14:43:37.903251 22  576  4046
14:43:37.918719 4  564  4072
14:43:37.919528 10  560  4048
14:43:37.920779 14  570  4052
14:43:37.923096 6  566  4044
14:43:37.926859 22  562  4064
14:43:37.928140 18  568  4070
14:43:37.930092 16  584  4054
14:43:37.930405 12  566  4054
14:43:37.931836 6  554  4050
14:43:37.933110 8  570  4054
14:43:37.934327 14  570  4082
14:43:37.936134 14  586  4068
14:43:37.936882 2  568  4052
14:43:37.953625 12  564  4054
14:43:37.973907 8  560  4054
14:43:37.977085 16  568  4062
14:43:37.978181 16  560  4060
14:43:37.979378 10  566  4058
14:43:37.981889 4  564  4052
14:43:37.983273 8  572  4048
14:43:37.984519 18  586  4068
14:43:37.985732 18  552  4058
14:43:37.987028 20  566  4056
14:43:37.988268 0  554  4064
14:43:37.990613 12  570  4044
14:43:37.993140 12  570  4064
14:43:37.994419 8  564  4074
14:43:37.996808 2  568  4068
14:43:37.998195 2  562  4050
14:43:38.003693 16  572  4064
14:43:38.005656 22  568  4040
14:43:38.008020 8  566  4054
14:43:38.011819 10  568  4076
14:43:38.021156 20  568  4048
14:43:38.022421 18  562  4038
14:43:38.023602 10  568  4050
14:43:38.042663 18  560  4050
14:43:38.045031 14  570  4062
14:43:38.046531 14  576  4056
14:43:38.052443 2  562  4060
14:43:38.053826 16  568  4052
14:43:38.054941 16  586  4068
14:43:38.071588 10  568  4072
14:43:38.079452 0  582  4066
14:43:38.080571 16  568  4050
14:43:38.081875 8  554  4054
14:43:38.088886 16  568  4058
14:43:38.094711 0  566  4048
14:43:38.096007 6  576  4050
14:43:38.099700 8  562  4056
14:43:38.099735 14  566  4074
14:43:38.101203 2  586  4042
14:43:38.103506 4  566  4050
14:43:38.104907 2  570  4062
14:43:38.106193 12  548  4052
14:43:38.107460 12  574  4038
14:43:38.109806 8  554  4070
14:43:38.111290 14  568  4062
14:43:38.112333 10  582  4066
14:43:38.114815 8  558  4050
14:43:38.120093 6  564  4058
14:43:38.124725 16  560  4068
14:43:38.127191 4  594  4072
14:43:38.141740 12  560  4042
14:43:38.146731 4  566  4050
14:43:38.148771 8  580  4048
14:43:38.164824 6  576  4046
14:43:38.166124 20  566  4052
14:43:38.167713 10  562  4060
14:43:38.168609 4  564  4058
14:43:38.174296 4  548  4046
14:43:38.174338 6  556  4062
14:43:38.175467 18  562  4072
14:43:38.176087 -4  564  4064
14:43:38.183374 8  564  4060
14:43:38.184634 12  574  4048
14:43:38.186085 -6  554  4070
14:43:38.187191 12  568  4056
14:43:38.190238 4  590  4054
14:43:38.191140 8  564  4066
14:43:38.194838 18  556  4050
14:43:38.199514 6  576  4050
14:43:38.203327 8  562  4062
14:43:38.206190 12  556  4066
14:43:38.210594 0  560  4056
14:43:38.213928 6  578  4038
14:43:38.231241 4  566  4058
14:43:38.232485 10  578  4074
14:43:38.234017 16  572  4054
14:43:38.235085 12  584  4048
14:43:38.239807 22  576  4040
14:43:38.262237 14  576  4062
14:43:38.264261 8  558  4066
14:43:38.266008 16  558  4064
14:43:38.267089 18  564  4058
14:43:38.268381 8  562  4066
14:43:38.274950 12  572  4060
14:43:38.279809 28  576  4038
14:43:38.284989 20  572  4066
14:43:38.286165 8  572  4056
14:43:38.287449 18  552  4056
14:43:38.288742 8  552  4046
14:43:38.290120 20  550  4056
14:43:38.291334 12  572  4052
14:43:38.292620 24  582  4056
14:43:38.293880 6  586  4044
14:43:38.295079 16  568  4066
14:43:38.297757 0  568  4060
14:43:38.302875 8  554  4050
14:43:38.306635 12  582  4060
14:43:38.309317 16  586  4058
14:43:38.313021 12  570  4052
14:43:38.321712 16  580  4060
14:43:38.323054 18  554  4052
14:43:38.325850 24  568  4042
14:43:38.328284 16  552  4042
14:43:38.335534 16  582  4064
14:43:38.336873 16  572  4056
14:43:38.339790 18  572  4068
14:43:38.343891 2  574  4056
14:43:38.353337 4  578  4066
14:43:38.354037 12  562  4048
14:43:38.355155 14  566  4070
14:43:38.359703 16  576  4058
14:43:38.383013 18  572  4060
14:43:38.384284 12  576  4044
14:43:38.391550 8  570  4044
14:43:38.392711 12  586  4038
14:43:38.397291 -2  560  4050
14:43:38.399751 14  572  4062
14:43:38.401142 12  562  4058
14:43:38.402414 4  576  4040
14:43:38.406486 6  564  4054
14:43:38.406834 12  556  4052
14:43:38.408651 14  580  4062
14:43:38.409324 12  562  4056
14:43:38.411043 10  576  4036
14:43:38.412273 4  566  4062
14:43:38.417164 12  562  4082
14:43:38.420356 6  562  4054
14:43:38.425130 18  568  4052
14:43:38.429635 12  578  4064
14:43:38.431781 12  576  4050
14:43:38.437805 10  562  4058
14:43:38.443790 16  566  4050
14:43:38.444724 14  564  4046
14:43:38.446636 8  562  4050
14:43:38.461435 20  584  4052
14:43:38.462465 6  568  4056
14:43:38.469022 12  560  4064
14:43:38.471071 6  558  4048
14:43:38.475821 18  554  4058
14:43:38.477172 20  570  4066
14:43:38.478395 10  560  4052
14:43:38.479655 12  566  4046
14:43:38.482315 28  564  4042
14:43:38.484812 20  560  4054
14:43:38.490256 6  564  4068
14:43:38.498169 10  576  4056
14:43:38.499690 18  564  4066
14:43:38.500917 22  564  4066
14:43:38.504795 12  562  4054
14:43:38.511242 20  566  4076
14:43:38.515893 12  574  4056
14:43:38.517349 6  582  4066
14:43:38.519152 16  558  4054
14:43:38.523107 8  566  4062
14:43:38.528340 16  576  4050
14:43:38.533965 10  570  4052
14:43:38.536434 16  558  4072
14:43:38.539922 6  572  4042
14:43:38.542738 4  586  4068
14:43:38.549577 6  566  4074
14:43:38.584445 16  556  4062
14:43:38.585564 10  574  4048
14:43:38.586958 10  560  4030
14:43:38.604429 10  584  4060
14:43:38.609217 10  554  4062
14:43:38.610614 12  562  4064
14:43:38.611922 20  554  4048
14:43:38.613061 4  566  4066
14:43:38.614112 20  560  4050
14:43:38.616375 14  586  4064
14:43:38.616818 6  576  4068
14:43:38.618028 6  576  4060
14:43:38.619320 24  568  4042
14:43:38.620507 12  564  4076
14:43:38.622496 16  566  4064
14:43:38.623112 24  562  4030
14:43:38.624383 8  564  4062
14:43:38.627985 2  564  4050
14:43:38.645448 8  576  4052
14:43:38.647139 14  584  4052
14:43:38.648018 16  562  4044
14:43:38.649713 14  566  4058
14:43:38.650683 12  580  4036
14:43:38.651901 14  568  4062
14:43:38.654959 16  550  4058
14:43:38.659431 6  564  4054
14:43:38.662552 10  556  4058
14:43:38.677711 4  562  4060
14:43:38.708469 2  564  4060
14:43:38.718768 2  580  4054
14:43:38.719369 24  560  4062
14:43:38.720817 12  576  4042
14:43:38.721835 10  586  4070
14:43:38.723092 16  562  4048
14:43:38.724319 12  576  4058
14:43:38.725571 12  560  4058
14:43:38.726862 24  562  4056
14:43:38.728067 12  578  4048
14:43:38.732033 8  558  4058
14:43:38.735976 10  570  4044
14:43:38.737277 8  586  4056
14:43:38.740641 16  564  4038
14:43:38.742632 18  580  4056
14:43:38.745963 12  572  4064
14:43:38.747858 10  568  4062
14:43:38.752466 26  576  4040
14:43:38.753685 10  566  4048
14:43:38.754922 10  582  4060
14:43:38.756279 0  566  4064
14:43:38.759827 0  564  4070
14:43:38.774096 14  574  4068
14:43:38.775210 12  562  4034
14:43:38.776496 12  568  4040
14:43:38.777765 12  578  4062
14:43:38.785079 12  566  4052
14:43:38.785122 18  572  4062
14:43:38.786990 4  558  4050
14:43:38.790660 22  558  4078
14:43:38.794468 12  558  4052
14:43:38.801987 12  576  4054
14:43:38.803289 2  572  4052
14:43:38.809640 10  564  4052
14:43:38.810806 10  568  4046
14:43:38.813114 10  556  4050
14:43:38.818457 0  572  4038
14:43:38.820994 6  568  4058
14:43:38.827506 12  572  4064
14:43:38.828366 12  556  4040
14:43:38.833754 26  564  4066
14:43:38.837239 6  578  4064
14:43:38.842783 4  564  4052
14:43:38.856615 10  572  4046
14:43:38.857774 10  576  4064
14:43:38.858949 0  576  4052
14:43:38.873990 8  574  4048
14:43:38.888329 16  572  4054
14:43:38.889198 6  564  4060
14:43:38.893347 10  564  4058
14:43:38.893388 6  562  4056
14:43:38.894270 18  570  4036
14:43:38.895538 8  582  4052
14:43:38.899659 10  568  4044
14:43:38.901017 10  562  4044
14:43:38.902283 4  560  4034
14:43:38.903526 18  564  4048
14:43:38.905191 32  566  4046
14:43:38.906139 14  568  4074
14:43:38.908530 10  574  4044
14:43:38.912432 10  574  4062
14:43:38.929779 10  556  4060
14:43:38.931037 10  574  4058
14:43:38.932289 8  568  4044
14:43:38.933585 6  554  4068
14:43:38.934826 6  570  4044
14:43:38.949654 2  580  4044
14:43:38.951135 16  586  4064
14:43:38.952216 24  576  4062
14:43:38.953478 20  562  4044
14:43:38.954773 -4  558  4048
14:43:38.962554 22  566  4048
14:43:38.963491 8  574  4064
14:43:38.965149 4  568  4044
14:43:38.967225 8  566  4058
14:43:38.968682 -2  568  4040
14:43:38.985236 8  560  4052
14:43:38.986580 10  556  4048
14:43:38.992352 20  582  4070
14:43:38.994754 16  574  4058
14:43:38.996040 22  566  4066
14:43:38.997327 6  574  4050
14:43:39.002101 18  552  4056
14:43:39.002464 14  586  4060
14:43:39.003882 22  580  4048
14:43:39.005488 0  562  4058
14:43:39.007587 18  560  4030
14:43:39.011512 14  568  4034
14:43:39.017403 2  570  4058
14:43:39.021920 14  562  4064
14:43:39.023293 6  578  4038
14:43:39.026678 16  576  4072
14:43:39.030541 18  568  4062
14:43:39.034307 18  556  4044
14:43:39.038131 6  580  4056
14:43:39.041956 24  568  4060
14:43:39.047029 22  574  4038
14:43:39.049569 10  566  4040
14:43:39.057458 12  568  4066
14:43:39.058799 12  560  4050
14:43:39.061049 20  562  4040
14:43:39.066186 2  564  4052
14:43:39.068663 2  576  4060
14:43:39.084270 14  576  4064
14:43:39.089128 10  562  4066
14:43:39.090352 4  568  4070
14:43:39.091772 2  560  4052
14:43:39.126603 2  578  4078
14:43:39.127636 8  568  4066
14:43:39.128848 14  562  4038
14:43:39.130148 -2  560  4046
14:43:39.138808 8  576  4074
14:43:39.138850 12  558  4066
14:43:39.140297 2  572  4046
14:43:39.141508 16  556  4072
14:43:39.144179 12  564  4062
14:43:39.144287 8  558  4050
14:43:39.145294 6  574  4050
14:43:39.149389 22  570  4064
14:43:39.159808 2  570  4066
14:43:39.161052 16  566  4038
14:43:39.163160 2  554  4060
14:43:39.163445 12  554  4056
14:43:39.164803 16  570  4050
14:43:39.166421 8  568  4064
14:43:39.170721 6  570  4058
14:43:39.170763 18  578  4054
14:43:39.171528 0  566  4062
14:43:39.175576 14  562  4066
14:43:39.178746 10  574  4060
14:43:39.184784 8  560  4046
14:43:39.186384 6  568  4066
14:43:39.191773 14  558  4046
14:43:39.194997 20  562  4050
14:43:39.197036 14  552  4056
14:43:39.216902 10  576  4050
14:43:39.218382 6  568  4064
14:43:39.219547 22  584  4060
14:43:39.220876 6  580  4058
14:43:39.239883 6  566  4046
14:43:39.240943 2  578  4048
14:43:39.242142 18  562  4056
14:43:39.243419 12  574  4058
14:43:39.246269 14  568  4050
14:43:39.249815 18  568  4048
14:43:39.251303 4  562  4052
14:43:39.253944 14  560  4060
14:43:39.255745 2  594  4068
14:43:39.256516 14  580  4062
14:43:39.258239 22  566  4072
14:43:39.259016 20  574  4060
14:43:39.277400 18  590  4074
14:43:39.280928 6  586  4052
14:43:39.281877 2  568  4056
14:43:39.291607 22  570  4052
14:43:39.294176 10  558  4050
14:43:39.299241 18  562  4058
14:43:39.300678 20  564  4052
14:43:39.314617 6  578  4048
14:43:39.315744 10  562  4058
14:43:39.330713 6  568  4050
14:43:39.335319 14  568  4048
14:43:39.336518 4  570  4074
14:43:39.340789 8  570  4028
14:43:39.346426 8  582  4030
14:43:39.347559 20  568  4064
14:43:39.350066 6  566  4042
14:43:39.351409 10  576  4048
14:43:39.352681 20  580  4062
14:43:39.353967 8  560  4046
14:43:39.355189 4  562  4064
14:43:39.357765 8  570  4046
14:43:39.358816 14  566  4054
14:43:39.360058 -2  572  4060
14:43:39.361598 26  568  4068
14:43:39.362522 18  574  4064
14:43:39.364125 16  578  4054
14:43:39.366571 16  568  4074
14:43:39.370260 6  572  4070
14:43:39.374712 8  586  4046
14:43:39.376187 20  578  4034
14:43:39.379964 18  564  4054
14:43:39.383328 10  554  4046
14:43:39.391077 4  560  4052
14:43:39.392206 20  576  4052
14:43:39.395891 8  578  4052
14:43:39.398571 12  578  4066
14:43:39.402390 6  552  4064
14:43:39.407404 18  554  4042
14:43:39.417599 12  572  4050
14:43:39.418230 10  576  4076
14:43:39.419544 14  574  4054
14:43:39.421498 24  562  4070
14:43:39.429825 8  576  4076
14:43:39.443295 12  576  4066
14:43:39.444598 14  562  4046
14:43:39.445878 4  566  4058
14:43:39.447588 8  574  4054
14:43:39.451018 10  574  4056
14:43:39.453395 20  558  4056
14:43:39.454789 0  564  4056
14:43:39.456052 4  582  4056
14:43:39.460963 12  590  4054
14:43:39.463458 16  566  4062
14:43:39.467265 12  578  4058
14:43:39.473641 8  558  4044
14:43:39.475547 10  570  4054
14:43:39.480741 12  580  4054
14:43:39.483835 8  552  4072
14:43:39.486893 6  570  4054
14:43:39.493165 14  560  4058
14:43:39.508237 26  568  4044
14:43:39.510627 8  586  4076
14:43:39.516669 12  584  4064
14:43:39.517907 2  560  4046
14:43:39.519195 12  566  4072
14:43:39.520455 10  562  4066
14:43:39.521703 18  576  4058
14:43:39.523096 16  576  4062
14:43:39.524404 8  572  4068
14:43:39.538156 8  560  4056
14:43:39.539489 18  560  4056
14:43:39.540793 28  562  4076
14:43:39.542079 18  554  4064
14:43:39.543599 10  560  4066
14:43:39.548848 4  564  4058
14:43:39.551100 -2  554  4054
14:43:39.555017 6  576  4058
14:43:39.559150 4  584  4068
14:43:39.563958 16  558  4064
14:43:39.566495 10  556  4054
14:43:39.570385 2  560  4044
14:43:39.576961 18  576  4054
14:43:39.579905 24  582  4034
14:43:39.581686 24  574  4064
14:43:39.586863 2  568  4072
14:43:39.589312 4  578  4062
14:43:39.593103 0  554  4072
14:43:39.597954 12  560  4056
14:43:39.603538 22  558  4064
14:43:39.604699 16  556  4078
14:43:39.608357 20  564  4042
14:43:39.612176 4  568  4050
14:43:39.617497 12  566  4052
14:43:39.620807 6  562  4044
14:43:39.624018 16  564  4056
14:43:39.627395 12  570  4066
14:43:39.631232 16  556  4064
14:43:39.635386 10  570  4034
14:43:39.638882 10  582  4048
14:43:39.644261 12  566  4048
14:43:39.646528 14  588  4076
14:43:39.650359 8  580  4072
14:43:39.654172 16  574  4064
14:43:39.669776 4  564  4060
14:43:39.671937 10  568  4050
14:43:39.671979 4  578  4060
14:43:39.671993 16  572  4084
14:43:39.675683 10  564  4052
14:43:39.677104 14  554  4062
14:43:39.680884 18  566  4042
14:43:39.684703 2  584  4060
14:43:39.688496 10  576  4046
14:43:39.695747 4  574  4058
14:43:39.696483 0  552  4046
14:43:39.707175 4  560  4050
14:43:39.707436 4  584  4064
14:43:39.708776 2  566  4064
14:43:39.716897 10  564  4054
14:43:39.744720 8  550  4038
14:43:39.745398 8  576  4060
14:43:39.750798 26  556  4062
14:43:39.752004 6  576  4050
14:43:39.754460 10  574  4054
14:43:39.758168 12  568  4062
14:43:39.759566 -4  574  4064
14:43:39.763651 16  576  4040
14:43:39.765361 14  568  4056
14:43:39.767433 10  566  4062
14:43:39.768894 16  560  4058
14:43:39.771194 4  558  4064
14:43:39.772529 12  582  4062
14:43:39.773737 10  574  4068
14:43:39.774967 16  562  4058
14:43:39.780287 8  570  4046
14:43:39.785054 6  576  4042
14:43:39.786438 10  562  4046
14:43:39.792890 8  582  4052
14:43:39.794646 10  558  4060
14:43:39.797846 20  552  4044
14:43:39.803244 16  562  4040
14:43:39.807417 10  562  4048
14:43:39.810614 26  604  4060
14:43:39.813134 8  574  4060
14:43:39.818713 10  566  4076
14:43:39.820924 12  594  4056
14:43:39.824581 8  580  4060
14:43:39.833997 16  556  4052
14:43:39.835207 20  572  4048
14:43:39.836470 14  596  4062
14:43:39.841146 20  552  4052
14:43:39.843681 8  568  4060
14:43:39.848658 4  570  4058
14:43:39.872115 14  574  4044
14:43:39.873331 16  562  4058
14:43:39.878829 8  578  4048
14:43:39.882546 14  554  4054
14:43:39.883970 10  568  4044
14:43:39.885230 8  560  4052
14:43:39.886494 14  554  4070
14:43:39.887737 4  564  4062
14:43:39.895349 4  564  4068
14:43:39.897608 2  572  4048
14:43:39.899833 6  568  4052
14:43:39.904241 12  568  4046
14:43:39.906762 16  570  4056
14:43:39.910149 2  562  4064
14:43:39.937889 16  558  4052
14:43:39.940001 12  590  4064
14:43:39.944118 14  566  4040
14:43:39.947024 24  558  4066
14:43:39.949364 0  562  4056
14:43:39.949406 10  560  4054
14:43:39.952786 8  572  4054
14:43:39.952827 -2  580  4072
14:43:39.954990 10  574  4048
14:43:39.955030 18  562  4056
14:43:39.959684 12  552  4064
14:43:39.962518 16  580  4040
14:43:39.962559 12  580  4054
14:43:39.966650 14  572  4076
14:43:39.970897 4  554  4038
14:43:39.974157 6  560  4066
14:43:39.976796 16  558  4064
14:43:39.978853 10  558  4068
14:43:39.984371 10  560  4058
14:43:39.990792 24  570  4066
14:43:40.014357 14  580  4056
14:43:40.016994 14  580  4064
14:43:40.030861 4  564  4050
14:43:40.032830 14  570  4064
14:43:40.032864 18  586  4062
14:43:40.052239 -4  568  4072
14:43:40.054875 4  578  4038
14:43:40.056590 12  568  4054
14:43:40.056631 8  564  4050
14:43:40.056645 8  566  4060
14:43:40.060689 10  566  4050
14:43:40.063889 2  576  4050
14:43:40.068730 2  560  4056
14:43:40.068772 12  578  4066
14:43:40.068786 10  570  4064
14:43:40.068798 14  582  4048
14:43:40.068809 2  562  4052
14:43:40.071230 10  580  4062
14:43:40.071271 0  584  4054
14:43:40.076623 8  558  4072
14:43:40.079079 14  566  4050
14:43:40.081840 0  574  4050
14:43:40.090986 -2  584  4044
14:43:40.093407 12  580  4046
14:43:40.097341 16  582  4058
14:43:40.099301 6  580  4062
14:43:40.099344 20  578  4064
14:43:40.103175 -2  552  4056
14:43:40.108166 14  558  4068
14:43:40.110428 8  570  4068
14:43:40.118892 14  562  4052
14:43:40.121350 20  556  4052
14:43:40.128684 12  560  4056
14:43:40.130941 18  560  4060
14:43:40.133841 16  554  4060
14:43:40.136371 6  564  4052
14:43:40.138740 6  578  4052
14:43:40.145860 16  574  4066
14:43:40.148148 6  572  4056
14:43:40.150758 14  574  4070
14:43:40.153120 4  582  4058
14:43:40.156323 14  562  4058
14:43:40.159821 12  570  4064
14:43:40.164592 8  554  4060
14:43:40.168286 6  576  4078
14:43:40.171906 10  556  4062
14:43:40.181071 8  586  4042
14:43:40.181113 0  580  4060
14:43:40.184799 14  582  4060
14:43:40.186813 -4  576  4054
14:43:40.191435 14  578  4060
14:43:40.195604 14  574  4038
14:43:40.199996 22  576  4060
14:43:40.202888 10  566  4058
14:43:40.211020 22  556  4070
14:43:40.213235 22  568  4050
14:43:40.215707 12  562  4054
14:43:40.219287 6  568  4064
14:43:40.222245 8  584  4038
14:43:40.228825 18  574  4050
14:43:40.233802 0  572  4044
14:43:40.233846 -2  564  4054
14:43:40.241375 12  568  4058
14:43:40.241417 0  582  4056
14:43:40.244231 10  564  4050
14:43:40.255979 14  560  4054
14:43:40.258503 12  560  4068
14:43:40.258545 16  560  4044
14:43:40.261787 6  586  4070
14:43:40.271344 6  578  4060
14:43:40.278176 10  568  4060
14:43:40.283758 4  546  4056
14:43:40.283799 10  560  4064
14:43:40.283813 8  558  4062
14:43:40.286281 2  576  4070
14:43:40.288798 22  568  4046
14:43:40.291130 16  558  4054
14:43:40.294504 10  566  4060
14:43:40.297785 12  562  4062
14:43:40.301626 6  572  4054
14:43:40.306853 8  570  4054
14:43:40.310483 12  564  4068
14:43:40.312700 10  574  4064
14:43:40.316351 2  560  4070
14:43:40.321366 -2  568  4056
14:43:40.326239 2  582  4066
14:43:40.328578 12  578  4064
14:43:40.335944 6  562  4056
14:43:40.338491 10  578  4042
14:43:40.343510 12  586  4078
14:43:40.346836 20  588  4052
14:43:40.354327 -2  562  4068
14:43:40.356555 10  552  4076
14:43:40.359372 2  566  4056
14:43:40.361242 4  572  4056
14:43:40.363693 20  576  4046
14:43:40.366316 14  572  4062
14:43:40.375559 4  572  4070
14:43:40.377380 22  560  4058
14:43:40.380569 14  576  4046
14:43:40.382747 24  558  4060
14:43:40.386890 8  574  4050
14:43:40.390148 12  570  4066
14:43:40.393029 6  562  4060
14:43:40.421048 36  574  4070
14:43:40.423771 8  576  4066
14:43:40.428613 6  562  4070
14:43:40.428656 10  590  4054
14:43:40.430882 16  564  4062
14:43:40.430924 18  572  4058
14:43:40.447903 18  568  4060
14:43:40.452163 8  562  4054
14:43:40.452204 6  570  4054
14:43:40.463348 12  562  4064
14:43:40.465638 6  562  4056
14:43:40.467807 10  554  4044
14:43:40.467849 12  560  4074
14:43:40.470599 2  572  4056
14:43:40.473216 4  576  4052
14:43:40.473257 6  584  4048
14:43:40.475949 12  562  4050
14:43:40.475990 8  564  4054
14:43:40.480529 22  560  4056
14:43:40.495940 16  558  4040
14:43:40.500973 20  574  4048
14:43:40.501015 10  580  4044
14:43:40.501029 10  574  4056
14:43:40.503689 12  554  4050
14:43:40.503775 8  568  4054
14:43:40.515077 6  560  4062
14:43:40.515118 6  560  4056
14:43:40.515132 12  560  4052
14:43:40.515145 14  574  4064
14:43:40.515156 4  564  4062
14:43:40.518908 16  570  4052
14:43:40.532283 6  562  4046
14:43:40.532324 14  564  4072
14:43:40.532339 18  570  4056
14:43:40.532351 16  574  4064
14:43:40.534350 16  578  4038
14:43:40.537139 14  576  4068
14:43:40.543287 2  554  4058
14:43:40.550383 6  578  4048
14:43:40.552372 16  562  4056
14:43:40.554868 12  580  4056
14:43:40.558102 14  554  4054
14:43:40.560820 22  568  4062
14:43:40.564020 26  554  4040
14:43:40.567422 10  596  4062
14:43:40.571592 10  562  4052
14:43:40.575779 18  560  4056
14:43:40.582024 14  558  4066
14:43:40.584357 10  556  4050
14:43:40.587832 4  580  4036
14:43:40.590804 10  568  4054
14:43:40.594316 6  582  4052
14:43:40.598139 6  570  4046
14:43:40.603130 6  564  4064
14:43:40.605467 20  568  4074
14:43:40.609363 4  574  4060
14:43:40.618666 18  574  4044
14:43:40.620639 22  568  4042
14:43:40.623288 2  568  4028
14:43:40.629325 -2  566  4060
14:43:40.633387 12  592  4052
14:43:40.635747 10  556  4050
14:43:40.638589 4  572  4040
14:43:40.647307 0  552  4030
14:43:40.649410 4  564  4052
14:43:40.651760 16  572  4070
14:43:40.653956 26  570  4058
14:43:40.659498 4  556  4048
14:43:40.666092 14  560  4042
14:43:40.668362 -2  570  4050
14:43:40.670519 20  588  4052
14:43:40.672927 16  568  4066
14:43:40.678762 4  580  4064
14:43:40.689152 2  578  4048
14:43:40.691216 20  558  4056
14:43:40.693371 2  588  4058
14:43:40.696602 10  560  4050
14:43:40.698682 12  582  4066
14:43:40.701874 10  560  4074
14:43:40.703906 14  578  4040
14:43:40.709245 20  554  4072
14:43:40.712976 -4  580  4050
14:43:40.713018 24  556  4068
14:43:40.716645 8  558  4072
14:43:40.720733 14  572  4064
14:43:40.727813 18  564  4060
14:43:40.730220 12  568  4046
14:43:40.735856 16  566  4062
14:43:40.735881 10  576  4058
14:43:40.739518 4  564  4056
14:43:40.742714 14  558  4054
14:43:40.747810 8  560  4058
14:43:40.763009 18  576  4058
14:43:40.765121 12  566  4044
14:43:40.773742 10  574  4056
14:43:40.776087 24  560  4058
14:43:40.778572 4  578  4070
14:43:40.780425 22  584  4036
14:43:40.780451 8  568  4048
14:43:40.785191 10  568  4038
14:43:40.787391 6  556  4058
14:43:40.789859 18  566  4036
14:43:40.800992 20  566  4064
14:43:40.801006 18  576  4064
14:43:40.804372 22  564  4050
14:43:40.804386 14  568  4060
14:43:40.806912 4  562  4050
14:43:40.815131 18  558  4048
14:43:40.815206 12  560  4062
14:43:40.817077 22  572  4050
14:43:40.820170 16  560  4080
14:43:40.825321 10  564  4058
14:43:40.827738 14  568  4064
14:43:40.830961 20  574  4056
14:43:40.835530 0  576  4070
14:43:40.838289 24  564  4056
14:43:40.842048 16  562  4058
14:43:40.849016 22  574  4062
14:43:40.851093 8  562  4064
14:43:40.857739 8  572  4046
14:43:40.859942 10  574  4064
14:43:40.865954 12  572  4040
14:43:40.868748 8  564  4054
14:43:40.876103 -2  572  4054
14:43:40.881734 0  572  4060
14:43:40.881750 2  560  4074
14:43:40.890408 12  558  4064
14:43:40.894391 4  558  4028
14:43:40.903214 6  566  4062
14:43:40.911594 0  548  4058
14:43:40.911619 6  566  4058
14:43:40.913642 6  584  4058
14:43:40.913656 6  570  4048
14:43:40.916020 4  568  4050
14:43:40.916134 14  572  4078
14:43:40.918756 22  566  4054
14:43:40.921078 6  574  4042
14:43:40.923606 26  576  4064
14:43:40.927102 6  560  4072
14:43:40.930228 22  554  4044
14:43:40.934548 8  556  4042
14:43:40.938438 12  572  4048
14:43:40.941185 16  566  4050
14:43:40.950086 8  570  4048
14:43:40.951882 28  568  4054
14:43:40.954459 20  568  4068
14:43:40.956660 2  562  4060
14:43:40.973846 12  560  4070
14:43:40.985944 16  562  4042
14:43:40.988138 10  574  4052
14:43:40.990517 12  564  4056
14:43:40.990623 8  578  4056
14:43:40.993071 18  564  4064
14:43:40.993191 16  584  4040
14:43:40.995112 14  558  4050
14:43:40.995219 14  572  4056
14:43:40.997469 36  568  4058
14:43:40.999625 24  558  4038
14:43:41.007795 0  570  4064
14:43:41.010009 6  560  4068
14:43:41.012280 10  568  4044
14:43:41.016454 12  572  4060
14:43:41.030481 12  564  4048
14:43:41.033577 26  550  4038
14:43:41.037408 6  564  4068
14:43:41.042500 10  562  4044
14:43:41.044473 20  566  4072
14:43:41.049303 14  564  4060
14:43:41.049344 14  568  4046
14:43:41.051385 14  582  4060
14:43:41.051428 10  580  4072
14:43:41.054895 18  560  4056
14:43:41.057701 12  560  4048
14:43:41.063113 16  570  4048
14:43:41.065186 16  574  4058
14:43:41.075625 8  572  4066
14:43:41.075668 10  554  4060
14:43:41.080238 16  556  4046
14:43:41.087351 22  568  4042
14:43:41.087395 12  566  4052
14:43:41.091740 8  556  4046
14:43:41.093864 2  560  4062
14:43:41.104792 10  596  4066
14:43:41.104836 18  554  4072
14:43:41.104850 6  584  4048
14:43:41.128468 18  562  4050
14:43:41.131303 6  558  4062
14:43:41.133729 14  554  4060
14:43:41.133771 10  560  4060
14:43:41.133785 24  566  4070
14:43:41.136647 16  558  4052
14:43:41.136689 12  584  4080
14:43:41.138977 8  580  4032
14:43:41.146405 12  574  4058
14:43:41.148284 20  568  4062
